[320 -1 -1 ][320 -1 -1 ][320 -1 -1 ][320 -1 -1 ][320 -1 -1 ][320 -1 -1 ][320 -1 -1 ][320 -1 -1 ][320 -1 -1 ][320 -1 -1 ][320 -1 -1 ][320 -1 -1 ][320 -1 -1 ][320 -1 -1 ][320 368 -1 ][320 368 -1 ][320 368 -1 ][320 368 -1 ][320 368 -1 ][320 368 -1 ][320 368 -1 ][320 368 -1 ][320 368 -1 ][320 368 -1 ][320 368 -1 ][320 -1 -1 ][320 -1 -1 ][320 -1 -1 ][320 -1 -1 ][320 -1 -1 ][320 -1 -1 ][320 -1 -1 ][320 -1 -1 ][320 -1 -1 ][320 -1 -1 ][320 -1 -1 ][320 -1 -1 ][320 -1 -1 ][320 -1 -1 ]
[320 -1 -1 ][320 415 -1 ][320 415 -1 ][320 -1 -1 ][320 415 -1 ][320 415 -1 ][320 -1 -1 ][320 -1 -1 ][320 -1 -1 ][320 -1 -1 ][320 -1 -1 ][320 -1 -1 ][320 415 -1 ][320 368 -1 ][320 368 -1 ][320 368 -1 ][320 369 -1 ][320 368 -1 ][320 368 -1 ][320 364 -1 ][320 368 -1 ][320 369 -1 ][320 368 -1 ][320 368 -1 ][320 368 -1 ][320 368 -1 ][320 414 -1 ][320 -1 -1 ][320 -1 -1 ][320 -1 -1 ][320 -1 -1 ][320 -1 -1 ][320 -1 -1 ][320 -1 -1 ][320 -1 -1 ][320 -1 -1 ][320 -1 -1 ][320 -1 -1 ][320 -1 -1 ]
[320 -1 -1 ][320 -1 -1 ][320 415 -1 ][320 415 -1 ][320 415 -1 ][320 415 -1 ][320 -1 -1 ][320 -1 -1 ][320 -1 -1 ][320 -1 -1 ][320 415 -1 ][320 415 -1 ][320 415 -1 ][320 368 -1 ][320 368 -1 ][320 369 -1 ][320 368 -1 ][320 368 -1 ][320 368 -1 ][320 369 -1 ][320 368 -1 ][320 368 -1 ][320 368 -1 ][320 368 -1 ][320 368 -1 ][320 415 -1 ][320 415 -1 ][320 415 -1 ][320 415 -1 ][320 -1 -1 ][320 -1 -1 ][320 -1 -1 ][320 -1 -1 ][320 -1 -1 ][320 -1 -1 ][320 -1 -1 ][320 -1 -1 ][320 -1 -1 ][320 -1 -1 ]
[320 -1 -1 ][320 -1 -1 ][320 415 -1 ][320 415 -1 ][320 415 -1 ][320 -1 -1 ][320 -1 -1 ][320 -1 -1 ][320 -1 -1 ][320 -1 -1 ][320 415 -1 ][320 415 -1 ][320 369 -1 ][320 368 -1 ][320 368 -1 ][320 415 -1 ][320 415 -1 ][320 415 -1 ][320 368 -1 ][320 368 -1 ][320 368 -1 ][320 368 -1 ][320 364 -1 ][320 415 -1 ][320 415 -1 ][320 415 -1 ][320 415 -1 ][320 415 -1 ][320 415 -1 ][320 415 -1 ][320 -1 -1 ][320 -1 -1 ][320 -1 -1 ][320 -1 -1 ][320 -1 -1 ][320 -1 -1 ][320 -1 -1 ][320 -1 -1 ][320 -1 -1 ]
[320 -1 -1 ][320 -1 -1 ][320 -1 -1 ][320 415 -1 ][320 415 -1 ][320 427 -1 ][320 -1 -1 ][320 -1 -1 ][320 -1 -1 ][320 415 -1 ][320 415 -1 ][320 368 -1 ][320 368 -1 ][320 364 -1 ][320 415 -1 ][320 415 -1 ][320 415 -1 ][320 415 -1 ][320 415 -1 ][320 368 -1 ][320 368 -1 ][320 368 -1 ][320 368 -1 ][320 415 -1 ][320 415 -1 ][320 415 -1 ][320 415 -1 ][320 415 -1 ][320 415 -1 ][320 415 -1 ][320 415 -1 ][320 -1 -1 ][320 -1 -1 ][320 -1 -1 ][320 -1 -1 ][320 415 -1 ][320 415 -1 ][320 -1 -1 ][320 -1 -1 ]
[320 -1 -1 ][320 -1 -1 ][320 -1 -1 ][320 -1 -1 ][320 -1 -1 ][320 -1 -1 ][320 -1 -1 ][320 -1 -1 ][320 -1 -1 ][320 415 -1 ][320 415 -1 ][320 368 -1 ][320 369 -1 ][320 368 -1 ][320 415 -1 ][320 415 -1 ][320 415 -1 ][320 415 -1 ][320 415 -1 ][320 415 -1 ][321 452 -1 ][320 368 -1 ][320 368 -1 ][320 368 -1 ][320 415 -1 ][320 415 -1 ][320 415 -1 ][320 415 -1 ][320 415 -1 ][320 415 -1 ][320 368 -1 ][320 -1 -1 ][320 -1 -1 ][320 -1 -1 ][320 -1 -1 ][320 415 -1 ][320 415 -1 ][320 -1 -1 ][320 -1 -1 ]
[320 -1 -1 ][320 -1 -1 ][320 -1 -1 ][320 -1 -1 ][320 -1 -1 ][320 -1 -1 ][320 -1 -1 ][320 -1 -1 ][320 368 -1 ][320 415 -1 ][320 368 -1 ][320 369 -1 ][320 368 -1 ][320 368 -1 ][320 415 -1 ][320 415 -1 ][320 415 -1 ][320 415 -1 ][320 415 -1 ][320 415 -1 ][321 -1 -1 ][321 -1 -1 ][321 -1 -1 ][321 -1 -1 ][320 415 -1 ][320 415 -1 ][320 415 -1 ][320 415 -1 ][320 415 -1 ][320 415 -1 ][320 368 -1 ][320 368 -1 ][320 -1 -1 ][320 -1 -1 ][320 415 -1 ][320 415 -1 ][320 415 -1 ][320 -1 -1 ][320 -1 -1 ]
[320 -1 -1 ][320 -1 -1 ][320 -1 -1 ][320 -1 -1 ][320 -1 -1 ][320 -1 -1 ][320 -1 -1 ][320 -1 -1 ][320 368 -1 ][320 415 -1 ][320 415 -1 ][320 368 -1 ][320 369 -1 ][320 368 -1 ][320 415 -1 ][320 415 -1 ][320 415 -1 ][320 415 -1 ][320 415 -1 ][320 415 -1 ][321 -1 -1 ][321 -1 -1 ][321 -1 -1 ][321 -1 -1 ][321 471 -1 ][320 415 -1 ][320 415 -1 ][320 415 -1 ][320 415 -1 ][320 415 -1 ][320 368 -1 ][320 368 -1 ][320 368 -1 ][320 -1 -1 ][320 415 -1 ][320 415 -1 ][320 415 -1 ][320 -1 -1 ][320 -1 -1 ]
[320 -1 -1 ][320 -1 -1 ][320 -1 -1 ][320 -1 -1 ][320 -1 -1 ][320 -1 -1 ][320 -1 -1 ][320 -1 -1 ][320 368 -1 ][320 368 -1 ][320 368 -1 ][320 369 -1 ][320 368 -1 ][320 368 -1 ][321 -1 -1 ][321 -1 -1 ][320 415 -1 ][320 415 -1 ][320 415 -1 ][320 415 -1 ][321 -1 -1 ][321 -1 -1 ][321 -1 -1 ][321 -1 -1 ][321 -1 -1 ][321 -1 -1 ][320 415 -1 ][320 415 -1 ][320 368 -1 ][320 368 -1 ][320 369 -1 ][320 368 -1 ][320 368 -1 ][320 -1 -1 ][320 -1 -1 ][320 415 -1 ][320 415 -1 ][320 -1 -1 ][320 -1 -1 ]
[320 -1 -1 ][320 -1 -1 ][320 -1 -1 ][320 -1 -1 ][320 -1 -1 ][320 -1 -1 ][320 -1 -1 ][320 368 -1 ][320 369 -1 ][320 368 -1 ][320 368 -1 ][320 368 -1 ][320 368 -1 ][320 368 -1 ][321 -1 -1 ][321 -1 -1 ][321 -1 -1 ][320 415 -1 ][321 471 -1 ][321 -1 -1 ][321 -1 -1 ][321 -1 -1 ][321 -1 -1 ][321 -1 -1 ][321 -1 -1 ][321 -1 -1 ][321 -1 -1 ][320 415 -1 ][321 -1 -1 ][320 368 -1 ][320 368 -1 ][320 368 -1 ][320 368 -1 ][320 368 -1 ][320 -1 -1 ][320 415 -1 ][320 415 -1 ][320 -1 -1 ][320 -1 -1 ]
[320 -1 -1 ][320 -1 -1 ][320 -1 -1 ][320 -1 -1 ][320 -1 -1 ][320 -1 -1 ][320 -1 -1 ][320 368 -1 ][320 368 -1 ][320 368 -1 ][320 368 -1 ][320 368 -1 ][320 368 -1 ][321 -1 -1 ][321 -1 -1 ][321 -1 -1 ][321 -1 -1 ][321 -1 -1 ][321 -1 -1 ][321 464 -1 ][321 465 -1 ][321 -1 -1 ][321 462 -1 ][321 -1 -1 ][321 -1 -1 ][321 -1 -1 ][321 -1 -1 ][321 -1 -1 ][321 -1 -1 ][321 452 -1 ][320 368 -1 ][320 368 -1 ][320 364 -1 ][320 368 -1 ][320 -1 -1 ][320 415 -1 ][320 415 -1 ][320 415 -1 ][320 -1 -1 ]
[320 -1 -1 ][320 -1 -1 ][320 -1 -1 ][320 -1 -1 ][320 -1 -1 ][320 -1 -1 ][320 -1 -1 ][320 368 -1 ][320 369 -1 ][320 364 -1 ][320 368 -1 ][320 368 -1 ][321 452 -1 ][321 -1 -1 ][321 -1 -1 ][321 -1 -1 ][321 -1 -1 ][321 -1 -1 ][321 -1 -1 ][321 -1 -1 ][321 438 -1 ][321 439 -1 ][321 -1 -1 ][321 -1 -1 ][321 -1 -1 ][321 -1 -1 ][321 -1 -1 ][321 -1 -1 ][321 -1 -1 ][321 -1 -1 ][320 368 -1 ][320 368 -1 ][320 368 -1 ][320 368 -1 ][320 -1 -1 ][320 -1 -1 ][320 -1 -1 ][320 -1 -1 ][320 -1 -1 ]
[320 -1 -1 ][320 415 -1 ][320 415 -1 ][320 -1 -1 ][320 -1 -1 ][320 -1 -1 ][320 -1 -1 ][320 368 -1 ][320 368 -1 ][320 368 -1 ][320 369 -1 ][320 368 -1 ][321 -1 -1 ][321 -1 -1 ][321 -1 -1 ][321 -1 -1 ][321 -1 -1 ][321 -1 -1 ][321 -1 -1 ][321 -1 -1 ][321 455 -1 ][321 456 -1 ][321 -1 -1 ][321 -1 -1 ][321 -1 -1 ][321 -1 -1 ][321 -1 -1 ][321 -1 -1 ][321 -1 -1 ][320 368 -1 ][320 368 -1 ][320 368 -1 ][320 368 -1 ][320 369 -1 ][320 -1 -1 ][320 -1 -1 ][320 -1 -1 ][320 -1 -1 ][320 -1 -1 ]
[320 415 -1 ][320 415 -1 ][320 415 -1 ][320 415 -1 ][320 -1 -1 ][320 -1 -1 ][320 -1 -1 ][320 368 -1 ][320 368 -1 ][320 368 -1 ][320 415 -1 ][320 415 -1 ][320 415 -1 ][321 -1 -1 ][321 -1 -1 ][321 -1 -1 ][321 -1 -1 ][321 -1 -1 ][321 -1 -1 ][321 461 -1 ][321 435 -1 ][321 435 -1 ][321 467 -1 ][321 -1 -1 ][321 -1 -1 ][321 -1 -1 ][321 -1 -1 ][321 -1 -1 ][321 471 -1 ][320 368 -1 ][320 368 -1 ][320 364 -1 ][320 368 -1 ][320 368 -1 ][320 -1 -1 ][320 -1 -1 ][320 -1 -1 ][320 -1 -1 ][320 -1 -1 ]
[320 415 -1 ][320 415 -1 ][320 415 -1 ][320 415 -1 ][320 -1 -1 ][320 -1 -1 ][320 -1 -1 ][320 369 -1 ][320 368 -1 ][320 369 -1 ][320 415 -1 ][320 415 -1 ][320 415 -1 ][320 415 -1 ][320 415 -1 ][320 415 -1 ][321 -1 -1 ][321 -1 -1 ][321 -1 -1 ][321 -1 -1 ][321 -1 -1 ][321 -1 -1 ][321 -1 -1 ][321 -1 -1 ][321 -1 -1 ][321 -1 -1 ][321 -1 -1 ][321 -1 -1 ][320 415 -1 ][320 415 -1 ][320 415 -1 ][320 368 -1 ][320 368 -1 ][320 368 -1 ][320 -1 -1 ][320 -1 -1 ][320 -1 -1 ][320 -1 -1 ][320 -1 -1 ]
[320 415 -1 ][320 415 -1 ][320 415 -1 ][320 415 -1 ][320 415 -1 ][320 -1 -1 ][320 -1 -1 ][320 368 -1 ][320 368 -1 ][320 368 -1 ][320 415 -1 ][320 415 -1 ][320 415 -1 ][320 415 -1 ][320 415 -1 ][320 415 -1 ][320 415 -1 ][321 -1 -1 ][321 -1 -1 ][321 -1 -1 ][321 -1 -1 ][321 -1 -1 ][321 -1 -1 ][321 -1 -1 ][321 -1 -1 ][321 -1 -1 ][321 -1 -1 ][321 -1 -1 ][320 415 -1 ][320 415 -1 ][320 415 -1 ][320 415 -1 ][320 368 -1 ][320 368 -1 ][320 -1 -1 ][320 -1 -1 ][320 -1 -1 ][320 -1 -1 ][320 -1 -1 ]
[320 -1 -1 ][320 415 -1 ][320 415 -1 ][320 415 -1 ][320 415 -1 ][320 -1 -1 ][320 -1 -1 ][320 368 -1 ][320 369 -1 ][320 368 -1 ][320 368 -1 ][320 415 -1 ][320 415 -1 ][320 415 -1 ][320 415 -1 ][320 415 -1 ][321 -1 -1 ][321 -1 -1 ][321 -1 -1 ][321 -1 -1 ][321 -1 -1 ][321 -1 -1 ][321 -1 -1 ][321 -1 -1 ][321 -1 -1 ][321 -1 -1 ][321 -1 -1 ][320 415 -1 ][320 415 -1 ][320 415 -1 ][320 415 -1 ][320 415 -1 ][320 368 -1 ][320 368 -1 ][320 -1 -1 ][320 414 -1 ][320 -1 -1 ][320 -1 -1 ][320 -1 -1 ]
[320 -1 -1 ][320 -1 -1 ][320 415 -1 ][320 415 -1 ][320 415 -1 ][320 -1 -1 ][320 -1 -1 ][320 368 -1 ][320 368 -1 ][320 368 -1 ][320 369 -1 ][320 368 -1 ][320 415 -1 ][320 415 -1 ][320 415 -1 ][321 471 -1 ][321 -1 -1 ][321 -1 -1 ][321 -1 -1 ][321 -1 -1 ][321 -1 -1 ][321 -1 -1 ][321 -1 -1 ][321 -1 -1 ][321 -1 -1 ][321 -1 -1 ][321 -1 -1 ][320 415 -1 ][320 415 -1 ][320 415 -1 ][320 415 -1 ][320 415 -1 ][320 415 -1 ][320 368 -1 ][320 -1 -1 ][320 -1 -1 ][320 -1 -1 ][320 -1 -1 ][320 -1 -1 ]
[320 -1 -1 ][320 -1 -1 ][320 414 -1 ][320 -1 -1 ][320 -1 -1 ][320 -1 -1 ][320 -1 -1 ][320 368 -1 ][320 368 -1 ][320 364 -1 ][320 368 -1 ][320 368 -1 ][320 368 -1 ][321 452 -1 ][321 -1 -1 ][321 -1 -1 ][321 -1 -1 ][321 -1 -1 ][321 -1 -1 ][321 -1 -1 ][321 -1 -1 ][321 -1 -1 ][321 -1 -1 ][321 -1 -1 ][321 -1 -1 ][321 -1 -1 ][321 471 -1 ][320 415 -1 ][320 415 -1 ][320 415 -1 ][320 415 -1 ][320 415 -1 ][320 415 -1 ][320 415 -1 ][320 -1 -1 ][320 -1 -1 ][320 -1 -1 ][320 -1 -1 ][320 -1 -1 ]
[320 -1 -1 ][320 414 -1 ][320 -1 -1 ][320 -1 -1 ][320 -1 -1 ][320 -1 -1 ][320 -1 -1 ][320 -1 -1 ][320 368 -1 ][320 364 -1 ][320 368 -1 ][320 368 -1 ][320 368 -1 ][320 368 -1 ][321 -1 -1 ][321 -1 -1 ][321 -1 -1 ][321 -1 -1 ][320 415 -1 ][320 415 -1 ][320 415 -1 ][321 -1 -1 ][321 -1 -1 ][321 -1 -1 ][321 -1 -1 ][321 -1 -1 ][321 -1 -1 ][320 415 -1 ][320 415 -1 ][320 415 -1 ][320 415 -1 ][320 415 -1 ][320 415 -1 ][320 415 -1 ][320 -1 -1 ][320 -1 -1 ][320 -1 -1 ][320 -1 -1 ][320 -1 -1 ]
[320 -1 -1 ][320 -1 -1 ][320 -1 -1 ][320 -1 -1 ][320 -1 -1 ][320 -1 -1 ][320 -1 -1 ][320 -1 -1 ][320 368 -1 ][320 368 -1 ][320 368 -1 ][320 369 -1 ][320 364 -1 ][320 368 -1 ][321 -1 -1 ][320 415 -1 ][320 415 -1 ][320 415 -1 ][320 415 -1 ][320 415 -1 ][320 415 -1 ][321 -1 -1 ][321 -1 -1 ][321 -1 -1 ][321 -1 -1 ][321 -1 -1 ][321 -1 -1 ][321 452 -1 ][320 368 -1 ][320 368 -1 ][320 415 -1 ][320 415 -1 ][320 368 -1 ][320 368 -1 ][320 -1 -1 ][320 -1 -1 ][320 -1 -1 ][320 -1 -1 ][320 -1 -1 ]
[320 -1 -1 ][320 -1 -1 ][320 -1 -1 ][320 -1 -1 ][320 -1 -1 ][320 -1 -1 ][320 -1 -1 ][320 -1 -1 ][320 -1 -1 ][320 368 -1 ][320 368 -1 ][320 368 -1 ][320 368 -1 ][320 368 -1 ][320 415 -1 ][320 415 -1 ][320 415 -1 ][320 415 -1 ][320 415 -1 ][320 415 -1 ][320 415 -1 ][320 415 -1 ][320 415 -1 ][321 -1 -1 ][321 -1 -1 ][321 -1 -1 ][320 368 -1 ][320 368 -1 ][320 369 -1 ][320 368 -1 ][320 368 -1 ][320 368 -1 ][320 368 -1 ][320 -1 -1 ][320 -1 -1 ][320 -1 -1 ][320 -1 -1 ][320 -1 -1 ][320 -1 -1 ]
