[376 -1 -1 ][376 -1 -1 ][377 -1 -1 ][377 -1 -1 ][377 -1 -1 ][377 -1 -1 ][377 -1 -1 ][377 -1 -1 ][377 -1 -1 ][376 -1 -1 ][376 -1 -1 ][376 -1 -1 ][376 -1 -1 ][376 -1 -1 ][376 -1 -1 ][374 -1 -1 ][376 -1 -1 ][374 -1 -1 ][374 -1 -1 ][374 -1 -1 ][374 -1 -1 ][377 -1 -1 ][377 -1 -1 ][377 -1 -1 ][377 -1 -1 ][374 -1 -1 ][374 -1 -1 ][374 -1 -1 ][374 -1 -1 ][374 -1 -1 ][374 -1 -1 ][377 -1 -1 ][377 -1 -1 ][377 -1 -1 ][377 -1 -1 ][377 -1 -1 ][377 -1 -1 ][377 -1 -1 ][377 -1 -1 ]
[376 -1 -1 ][377 -1 -1 ][236 -1 -1 ][377 -1 -1 ][377 -1 -1 ][377 -1 -1 ][377 -1 -1 ][377 -1 -1 ][377 -1 -1 ][377 -1 -1 ][377 -1 -1 ][377 -1 -1 ][377 -1 -1 ][377 -1 -1 ][376 -1 -1 ][376 -1 -1 ][376 -1 -1 ][376 -1 -1 ][376 -1 -1 ][377 -1 -1 ][377 -1 -1 ][374 -1 -1 ][377 -1 -1 ][377 -1 -1 ][377 -1 -1 ][374 -1 -1 ][377 -1 -1 ][377 -1 -1 ][377 -1 -1 ][377 -1 -1 ][377 -1 -1 ][377 -1 -1 ][377 -1 -1 ][377 -1 -1 ][377 -1 -1 ][230 -1 -1 ][230 -1 -1 ][377 -1 -1 ][377 -1 -1 ]
[376 -1 -1 ][377 -1 -1 ][236 -1 -1 ][236 -1 -1 ][236 -1 -1 ][236 -1 -1 ][236 -1 -1 ][236 -1 -1 ][377 -1 -1 ][377 -1 -1 ][377 -1 -1 ][377 -1 -1 ][377 -1 -1 ][376 -1 -1 ][376 -1 -1 ][376 -1 -1 ][376 -1 -1 ][377 -1 -1 ][377 -1 -1 ][377 -1 -1 ][377 -1 -1 ][377 -1 -1 ][254 -1 -1 ][377 -1 -1 ][377 -1 -1 ][377 -1 -1 ][377 -1 -1 ][377 -1 -1 ][377 -1 -1 ][377 -1 -1 ][377 -1 -1 ][377 -1 -1 ][254 -1 -1 ][254 -1 -1 ][230 -1 -1 ][230 -1 -1 ][230 -1 -1 ][230 -1 -1 ][377 -1 -1 ]
[376 -1 -1 ][377 -1 -1 ][377 -1 -1 ][236 -1 -1 ][230 -1 -1 ][222 -1 -1 ][230 -1 -1 ][377 -1 -1 ][377 -1 -1 ][254 -1 -1 ][377 -1 -1 ][377 -1 -1 ][377 -1 -1 ][377 -1 -1 ][377 -1 -1 ][376 -1 -1 ][376 -1 -1 ][377 -1 -1 ][377 -1 -1 ][377 -1 -1 ][377 -1 -1 ][254 -1 -1 ][254 -1 -1 ][377 -1 -1 ][377 -1 -1 ][377 -1 -1 ][377 -1 -1 ][377 -1 -1 ][377 -1 -1 ][377 -1 -1 ][254 -1 -1 ][254 -1 -1 ][323 352 -1 ][254 -1 -1 ][230 -1 -1 ][230 -1 -1 ][236 -1 -1 ][230 -1 -1 ][377 -1 -1 ]
[377 -1 -1 ][377 -1 -1 ][377 -1 -1 ][236 -1 -1 ][230 -1 -1 ][230 -1 -1 ][377 -1 -1 ][377 -1 -1 ][377 -1 -1 ][254 -1 -1 ][377 -1 -1 ][377 -1 -1 ][377 -1 -1 ][377 -1 -1 ][377 -1 -1 ][377 -1 -1 ][377 -1 -1 ][377 -1 -1 ][254 -1 -1 ][254 -1 -1 ][254 -1 -1 ][323 -1 -1 ][323 -1 -1 ][254 -1 -1 ][254 -1 -1 ][254 -1 -1 ][254 -1 -1 ][377 -1 -1 ][377 -1 -1 ][254 -1 -1 ][323 -1 -1 ][323 -1 -1 ][323 -1 -1 ][254 -1 -1 ][224 -1 -1 ][230 -1 -1 ][230 -1 -1 ][377 -1 -1 ][377 -1 -1 ]
[377 -1 -1 ][377 -1 -1 ][377 -1 -1 ][230 -1 -1 ][230 -1 -1 ][230 -1 -1 ][377 -1 -1 ][254 -1 -1 ][377 -1 -1 ][254 -1 -1 ][254 -1 -1 ][377 -1 -1 ][377 -1 -1 ][377 -1 -1 ][377 -1 -1 ][377 -1 -1 ][377 -1 -1 ][377 -1 -1 ][254 -1 -1 ][323 -1 -1 ][323 -1 -1 ][327 -1 -1 ][323 -1 -1 ][323 -1 -1 ][323 -1 -1 ][323 -1 -1 ][323 -1 -1 ][254 -1 -1 ][254 -1 -1 ][323 -1 -1 ][323 -1 -1 ][323 -1 -1 ][254 -1 -1 ][230 -1 -1 ][230 -1 -1 ][230 -1 -1 ][230 -1 -1 ][377 -1 -1 ][377 -1 -1 ]
[377 -1 -1 ][377 -1 -1 ][236 -1 -1 ][230 -1 -1 ][230 -1 -1 ][230 -1 -1 ][254 -1 -1 ][323 -1 -1 ][254 -1 -1 ][323 -1 -1 ][323 -1 -1 ][254 -1 -1 ][254 -1 -1 ][254 -1 -1 ][377 -1 -1 ][377 -1 -1 ][377 -1 -1 ][377 -1 -1 ][377 -1 -1 ][254 -1 -1 ][323 -1 -1 ][325 -1 -1 ][323 -1 -1 ][323 -1 -1 ][323 -1 -1 ][323 -1 -1 ][323 -1 -1 ][323 471 -1 ][323 -1 -1 ][324 -1 -1 ][323 -1 -1 ][323 -1 -1 ][254 -1 -1 ][230 -1 -1 ][230 -1 -1 ][230 -1 -1 ][230 -1 -1 ][377 -1 -1 ][377 -1 -1 ]
[377 -1 -1 ][377 -1 -1 ][230 -1 -1 ][232 -1 -1 ][230 -1 -1 ][230 -1 -1 ][254 -1 -1 ][323 -1 -1 ][323 -1 -1 ][323 -1 -1 ][323 471 -1 ][327 -1 -1 ][323 -1 -1 ][323 -1 -1 ][254 -1 -1 ][377 -1 -1 ][377 -1 -1 ][377 -1 -1 ][377 -1 -1 ][254 -1 -1 ][323 -1 -1 ][323 -1 -1 ][323 -1 -1 ][323 -1 -1 ][324 -1 -1 ][323 -1 -1 ][323 -1 -1 ][323 -1 -1 ][323 -1 -1 ][323 -1 -1 ][327 -1 -1 ][323 -1 -1 ][254 -1 -1 ][230 -1 -1 ][230 -1 -1 ][230 -1 -1 ][230 -1 -1 ][377 -1 -1 ][377 -1 -1 ]
[377 -1 -1 ][230 -1 -1 ][230 -1 -1 ][230 -1 -1 ][230 -1 -1 ][254 -1 -1 ][323 -1 -1 ][323 -1 -1 ][323 -1 -1 ][324 -1 -1 ][323 -1 -1 ][331 -1 -1 ][323 -1 -1 ][323 -1 -1 ][254 -1 -1 ][377 -1 -1 ][377 -1 -1 ][377 -1 -1 ][377 -1 -1 ][254 -1 -1 ][323 -1 -1 ][323 -1 -1 ][323 -1 -1 ][323 -1 -1 ][323 -1 -1 ][323 -1 -1 ][323 -1 -1 ][323 -1 -1 ][323 -1 -1 ][323 -1 -1 ][323 -1 -1 ][323 -1 -1 ][254 -1 -1 ][254 -1 -1 ][230 -1 -1 ][236 -1 -1 ][377 -1 -1 ][377 -1 -1 ][377 -1 -1 ]
[377 -1 -1 ][230 -1 -1 ][230 -1 -1 ][230 -1 -1 ][230 -1 -1 ][254 -1 -1 ][323 -1 -1 ][323 -1 -1 ][323 -1 -1 ][323 -1 -1 ][323 -1 -1 ][323 -1 -1 ][323 -1 -1 ][323 -1 -1 ][254 -1 -1 ][377 -1 -1 ][377 -1 -1 ][377 -1 -1 ][377 -1 -1 ][377 -1 -1 ][254 -1 -1 ][323 -1 -1 ][325 -1 -1 ][323 -1 -1 ][323 425 -1 ][323 -1 -1 ][323 -1 -1 ][323 -1 -1 ][323 -1 -1 ][324 -1 -1 ][323 -1 -1 ][323 -1 -1 ][323 -1 -1 ][254 -1 -1 ][230 -1 -1 ][230 -1 -1 ][377 -1 -1 ][377 -1 -1 ][377 -1 -1 ]
[377 -1 -1 ][377 -1 -1 ][230 -1 -1 ][222 -1 -1 ][230 -1 -1 ][254 -1 -1 ][323 -1 -1 ][323 -1 -1 ][323 -1 -1 ][323 -1 -1 ][323 -1 -1 ][323 -1 -1 ][323 -1 -1 ][323 -1 -1 ][323 -1 -1 ][254 -1 -1 ][254 -1 -1 ][254 -1 -1 ][377 -1 -1 ][254 -1 -1 ][323 -1 -1 ][323 -1 -1 ][323 -1 -1 ][323 -1 -1 ][323 -1 -1 ][323 -1 -1 ][330 -1 -1 ][323 -1 -1 ][323 -1 -1 ][323 -1 -1 ][327 -1 -1 ][323 -1 -1 ][323 -1 -1 ][254 -1 -1 ][230 -1 -1 ][230 -1 -1 ][230 -1 -1 ][377 -1 -1 ][377 -1 -1 ]
[377 -1 -1 ][377 -1 -1 ][230 -1 -1 ][230 -1 -1 ][230 -1 -1 ][254 -1 -1 ][323 -1 -1 ][323 -1 -1 ][323 -1 -1 ][325 -1 -1 ][323 -1 -1 ][324 -1 -1 ][323 -1 -1 ][323 425 -1 ][329 -1 -1 ][323 -1 -1 ][323 -1 -1 ][323 -1 -1 ][254 -1 -1 ][323 -1 -1 ][323 -1 -1 ][323 -1 -1 ][323 -1 -1 ][323 -1 -1 ][325 -1 -1 ][323 -1 -1 ][323 -1 -1 ][323 -1 -1 ][323 -1 -1 ][323 -1 -1 ][323 -1 -1 ][323 -1 -1 ][323 -1 -1 ][323 -1 -1 ][254 -1 -1 ][230 -1 -1 ][230 -1 -1 ][377 -1 -1 ][377 -1 -1 ]
[377 -1 -1 ][377 -1 -1 ][230 -1 -1 ][236 -1 -1 ][236 -1 -1 ][254 -1 -1 ][323 -1 -1 ][325 -1 -1 ][323 -1 -1 ][323 -1 -1 ][323 -1 -1 ][323 -1 -1 ][323 -1 -1 ][323 -1 -1 ][323 -1 -1 ][323 -1 -1 ][323 -1 -1 ][323 -1 -1 ][323 -1 -1 ][323 425 -1 ][323 -1 -1 ][323 -1 -1 ][323 -1 -1 ][323 -1 -1 ][323 -1 -1 ][323 -1 -1 ][323 -1 -1 ][323 -1 -1 ][323 -1 -1 ][323 -1 -1 ][323 -1 -1 ][325 -1 -1 ][323 -1 -1 ][330 -1 -1 ][254 -1 -1 ][230 -1 -1 ][230 -1 -1 ][377 -1 -1 ][377 -1 -1 ]
[377 -1 -1 ][377 -1 -1 ][230 -1 -1 ][230 -1 -1 ][230 -1 -1 ][254 -1 -1 ][323 -1 -1 ][323 -1 -1 ][323 -1 -1 ][323 -1 -1 ][323 -1 -1 ][323 -1 -1 ][323 -1 -1 ][323 -1 -1 ][323 -1 -1 ][331 -1 -1 ][323 -1 -1 ][326 -1 -1 ][324 -1 -1 ][323 -1 -1 ][323 -1 -1 ][323 -1 -1 ][323 -1 -1 ][323 -1 -1 ][323 -1 -1 ][323 -1 -1 ][323 -1 -1 ][323 -1 -1 ][323 -1 -1 ][323 -1 -1 ][323 -1 -1 ][323 -1 -1 ][323 -1 -1 ][323 -1 -1 ][254 -1 -1 ][230 -1 -1 ][230 -1 -1 ][230 -1 -1 ][377 -1 -1 ]
[377 -1 -1 ][230 -1 -1 ][230 -1 -1 ][230 -1 -1 ][230 -1 -1 ][254 -1 -1 ][323 -1 -1 ][323 -1 -1 ][324 -1 -1 ][323 471 -1 ][323 -1 -1 ][323 -1 -1 ][323 -1 -1 ][323 -1 -1 ][323 -1 -1 ][323 -1 -1 ][323 -1 -1 ][323 -1 -1 ][323 -1 -1 ][323 -1 -1 ][323 -1 -1 ][323 -1 -1 ][323 -1 -1 ][323 -1 -1 ][323 -1 -1 ][323 -1 -1 ][323 -1 -1 ][323 -1 -1 ][326 -1 -1 ][323 -1 -1 ][325 -1 -1 ][323 -1 -1 ][323 -1 -1 ][331 -1 -1 ][254 -1 -1 ][230 -1 -1 ][234 -1 -1 ][230 -1 -1 ][377 -1 -1 ]
[377 -1 -1 ][230 -1 -1 ][230 -1 -1 ][222 -1 -1 ][230 -1 -1 ][254 -1 -1 ][326 -1 -1 ][323 -1 -1 ][323 -1 -1 ][323 -1 -1 ][254 -1 -1 ][326 -1 -1 ][324 -1 -1 ][323 -1 -1 ][323 -1 -1 ][323 -1 -1 ][323 471 -1 ][323 -1 -1 ][323 -1 -1 ][323 -1 -1 ][323 -1 -1 ][323 -1 -1 ][323 -1 -1 ][323 -1 -1 ][324 -1 -1 ][323 -1 -1 ][323 -1 -1 ][323 -1 -1 ][323 -1 -1 ][323 -1 -1 ][323 -1 -1 ][323 -1 -1 ][323 -1 -1 ][330 -1 -1 ][254 -1 -1 ][230 -1 -1 ][230 -1 -1 ][230 -1 -1 ][377 -1 -1 ]
[377 -1 -1 ][377 -1 -1 ][230 -1 -1 ][230 -1 -1 ][230 -1 -1 ][230 -1 -1 ][254 -1 -1 ][323 -1 -1 ][323 -1 -1 ][254 -1 -1 ][377 -1 -1 ][254 -1 -1 ][323 -1 -1 ][323 -1 -1 ][323 -1 -1 ][323 -1 -1 ][323 -1 -1 ][323 -1 -1 ][323 425 -1 ][254 -1 -1 ][254 -1 -1 ][323 -1 -1 ][323 -1 -1 ][323 -1 -1 ][323 -1 -1 ][323 -1 -1 ][323 -1 -1 ][323 -1 -1 ][323 -1 -1 ][324 -1 -1 ][323 471 -1 ][323 -1 -1 ][323 -1 -1 ][323 -1 -1 ][254 -1 -1 ][230 -1 -1 ][230 -1 -1 ][230 -1 -1 ][377 -1 -1 ]
[377 -1 -1 ][377 -1 -1 ][222 -1 -1 ][230 -1 -1 ][230 -1 -1 ][234 -1 -1 ][230 -1 -1 ][254 -1 -1 ][254 -1 -1 ][377 -1 -1 ][377 -1 -1 ][254 -1 -1 ][323 -1 -1 ][323 -1 -1 ][323 -1 -1 ][254 -1 -1 ][254 -1 -1 ][254 -1 -1 ][254 -1 -1 ][254 -1 -1 ][377 -1 -1 ][254 -1 -1 ][323 -1 -1 ][323 -1 -1 ][323 -1 -1 ][323 425 -1 ][326 -1 -1 ][323 -1 -1 ][323 -1 -1 ][323 -1 -1 ][323 -1 -1 ][323 -1 -1 ][323 -1 -1 ][254 -1 -1 ][230 -1 -1 ][226 -1 -1 ][230 -1 -1 ][230 -1 -1 ][377 -1 -1 ]
[377 -1 -1 ][230 -1 -1 ][230 -1 -1 ][236 -1 -1 ][230 -1 -1 ][230 -1 -1 ][377 -1 -1 ][377 -1 -1 ][377 -1 -1 ][377 -1 -1 ][254 -1 -1 ][323 -1 -1 ][323 -1 -1 ][323 -1 -1 ][254 -1 -1 ][377 -1 -1 ][377 -1 -1 ][377 -1 -1 ][377 -1 -1 ][377 -1 -1 ][377 -1 -1 ][377 -1 -1 ][254 -1 -1 ][323 -1 -1 ][323 -1 -1 ][323 -1 -1 ][326 471 -1 ][323 -1 -1 ][323 -1 -1 ][323 -1 -1 ][254 -1 -1 ][254 -1 -1 ][254 -1 -1 ][254 -1 -1 ][230 -1 -1 ][230 -1 -1 ][230 -1 -1 ][230 -1 -1 ][377 -1 -1 ]
[377 -1 -1 ][230 -1 -1 ][236 -1 -1 ][230 -1 -1 ][230 -1 -1 ][377 -1 -1 ][377 -1 -1 ][377 -1 -1 ][377 -1 -1 ][254 -1 -1 ][254 -1 -1 ][329 -1 -1 ][323 351 -1 ][254 -1 -1 ][377 -1 -1 ][377 -1 -1 ][377 -1 -1 ][374 -1 -1 ][374 -1 -1 ][377 -1 -1 ][377 -1 -1 ][377 -1 -1 ][254 -1 -1 ][323 -1 -1 ][323 -1 -1 ][323 -1 -1 ][323 -1 -1 ][323 -1 -1 ][254 -1 -1 ][254 -1 -1 ][377 -1 -1 ][377 -1 -1 ][377 -1 -1 ][377 -1 -1 ][230 -1 -1 ][230 -1 -1 ][230 -1 -1 ][377 -1 -1 ][377 -1 -1 ]
[377 -1 -1 ][377 -1 -1 ][377 -1 -1 ][377 -1 -1 ][377 -1 -1 ][377 -1 -1 ][377 -1 -1 ][374 -1 -1 ][377 -1 -1 ][377 -1 -1 ][377 -1 -1 ][254 -1 -1 ][254 -1 -1 ][377 -1 -1 ][377 -1 -1 ][377 -1 -1 ][374 -1 -1 ][374 -1 -1 ][374 -1 -1 ][374 -1 -1 ][377 -1 -1 ][377 -1 -1 ][377 -1 -1 ][254 -1 -1 ][254 -1 -1 ][254 -1 -1 ][254 -1 -1 ][254 -1 -1 ][377 -1 -1 ][377 -1 -1 ][377 -1 -1 ][375 -1 -1 ][375 -1 -1 ][377 -1 -1 ][230 -1 -1 ][226 -1 -1 ][230 -1 -1 ][377 -1 -1 ][377 -1 -1 ]
[377 -1 -1 ][377 -1 -1 ][377 -1 -1 ][377 -1 -1 ][374 -1 -1 ][374 -1 -1 ][374 -1 -1 ][374 -1 -1 ][374 -1 -1 ][374 -1 -1 ][377 -1 -1 ][377 -1 -1 ][377 -1 -1 ][377 -1 -1 ][374 -1 -1 ][374 -1 -1 ][374 -1 -1 ][374 -1 -1 ][374 -1 -1 ][374 -1 -1 ][374 -1 -1 ][374 -1 -1 ][377 -1 -1 ][377 -1 -1 ][377 -1 -1 ][377 -1 -1 ][377 -1 -1 ][377 -1 -1 ][375 -1 -1 ][375 -1 -1 ][375 -1 -1 ][375 -1 -1 ][375 -1 -1 ][375 -1 -1 ][374 -1 -1 ][377 -1 -1 ][377 -1 -1 ][377 -1 -1 ][377 -1 -1 ]
