[65 -1 -1 ][66 368 -1 ][66 360 -1 ][66 369 -1 ][66 368 -1 ][66 363 -1 ][66 368 -1 ][66 361 -1 ][66 366 -1 ][66 368 -1 ][66 368 -1 ][66 422 -1 ][66 422 -1 ][66 424 -1 ][66 422 -1 ][66 422 -1 ][66 422 -1 ][66 424 -1 ][66 422 -1 ][66 422 -1 ][66 422 -1 ][66 422 -1 ][66 422 -1 ][66 424 -1 ][66 422 -1 ][66 422 -1 ][66 422 -1 ][66 364 -1 ][66 364 -1 ][56 -1 -1 ][56 -1 -1 ][56 -1 -1 ][56 -1 -1 ][57 -1 -1 ][57 -1 -1 ][57 -1 -1 ][60 -1 -1 ][60 -1 -1 ][60 -1 -1 ]
[65 -1 -1 ][65 -1 -1 ][66 368 -1 ][66 362 -1 ][66 366 -1 ][66 360 -1 ][66 367 -1 ][66 369 -1 ][66 368 -1 ][66 422 -1 ][66 422 -1 ][66 422 -1 ][66 423 -1 ][66 422 -1 ][66 424 -1 ][66 423 -1 ][66 422 -1 ][66 422 -1 ][66 422 -1 ][66 423 -1 ][66 422 -1 ][66 423 -1 ][66 422 -1 ][66 424 -1 ][66 422 -1 ][66 423 -1 ][66 424 -1 ][66 364 -1 ][66 361 -1 ][66 364 -1 ][56 -1 -1 ][56 -1 -1 ][56 -1 -1 ][57 -1 -1 ][57 -1 -1 ][57 -1 -1 ][60 -1 -1 ][60 -1 -1 ][60 -1 -1 ]
[65 -1 -1 ][65 -1 -1 ][66 366 -1 ][66 369 -1 ][66 368 -1 ][66 360 -1 ][66 362 -1 ][66 363 -1 ][66 424 -1 ][66 422 -1 ][66 423 -1 ][66 424 -1 ][66 423 -1 ][66 422 -1 ][66 422 -1 ][66 422 -1 ][66 422 -1 ][66 423 -1 ][66 422 -1 ][66 422 -1 ][66 422 -1 ][66 424 -1 ][66 422 -1 ][66 422 -1 ][66 423 -1 ][66 422 -1 ][66 424 -1 ][66 422 -1 ][66 364 -1 ][66 364 -1 ][56 -1 -1 ][56 -1 -1 ][56 -1 -1 ][57 -1 -1 ][57 -1 -1 ][57 -1 -1 ][60 -1 -1 ][60 -1 -1 ][60 -1 -1 ]
[65 -1 -1 ][65 -1 -1 ][66 368 -1 ][66 360 -1 ][66 368 -1 ][66 369 -1 ][66 368 -1 ][66 424 -1 ][66 422 -1 ][66 422 -1 ][66 422 -1 ][66 422 -1 ][66 422 -1 ][66 424 -1 ][66 422 -1 ][66 424 -1 ][66 422 -1 ][66 422 -1 ][66 422 -1 ][66 424 -1 ][66 422 -1 ][66 422 -1 ][66 422 -1 ][66 422 -1 ][66 422 -1 ][66 422 -1 ][66 364 -1 ][66 361 -1 ][66 364 -1 ][66 362 -1 ][56 -1 -1 ][56 -1 -1 ][56 -1 -1 ][57 -1 -1 ][57 -1 -1 ][57 -1 -1 ][60 -1 -1 ][60 -1 -1 ][60 -1 -1 ]
[65 -1 -1 ][65 -1 -1 ][65 -1 -1 ][66 368 -1 ][66 368 -1 ][66 362 -1 ][66 361 -1 ][66 422 -1 ][66 424 -1 ][66 422 -1 ][66 423 -1 ][66 422 -1 ][66 422 -1 ][66 422 -1 ][66 364 -1 ][66 366 -1 ][66 364 -1 ][66 364 -1 ][66 362 -1 ][66 369 -1 ][66 364 -1 ][66 360 -1 ][66 364 -1 ][66 361 -1 ][66 364 -1 ][66 366 -1 ][66 364 -1 ][66 364 -1 ][66 360 -1 ][66 364 -1 ][56 -1 -1 ][56 -1 -1 ][56 -1 -1 ][57 -1 -1 ][57 -1 -1 ][57 -1 -1 ][60 -1 -1 ][60 -1 -1 ][60 -1 -1 ]
[65 -1 -1 ][65 -1 -1 ][65 -1 -1 ][66 368 -1 ][66 366 -1 ][66 368 -1 ][66 366 -1 ][66 368 -1 ][66 367 -1 ][66 422 -1 ][66 422 -1 ][66 424 -1 ][66 422 -1 ][66 364 -1 ][66 360 -1 ][66 369 -1 ][66 364 -1 ][66 360 -1 ][66 364 -1 ][66 361 -1 ][66 364 -1 ][66 364 -1 ][66 364 -1 ][66 364 -1 ][66 369 -1 ][66 364 -1 ][66 436 -1 ][66 437 -1 ][66 368 -1 ][66 364 -1 ][66 364 -1 ][56 -1 -1 ][56 -1 -1 ][57 -1 -1 ][57 -1 -1 ][57 -1 -1 ][60 -1 -1 ][60 -1 -1 ][60 -1 -1 ]
[65 -1 -1 ][65 -1 -1 ][65 -1 -1 ][63 -1 -1 ][66 368 -1 ][66 369 -1 ][66 361 -1 ][66 364 -1 ][66 364 -1 ][66 364 -1 ][66 364 -1 ][66 364 -1 ][66 364 -1 ][66 364 -1 ][66 364 -1 ][66 364 -1 ][152 428 -1 ][152 428 -1 ][152 428 -1 ][152 428 -1 ][152 428 -1 ][152 428 -1 ][66 364 -1 ][66 362 -1 ][66 366 -1 ][66 364 -1 ][66 453 -1 ][66 454 -1 ][66 364 -1 ][66 362 -1 ][66 364 -1 ][56 -1 -1 ][56 -1 -1 ][57 -1 -1 ][57 -1 -1 ][57 -1 -1 ][60 -1 -1 ][60 -1 -1 ][60 -1 -1 ]
[65 -1 -1 ][65 -1 -1 ][65 -1 -1 ][63 -1 -1 ][66 368 -1 ][66 362 -1 ][66 369 -1 ][66 369 -1 ][66 360 -1 ][66 364 -1 ][66 364 -1 ][66 360 -1 ][66 369 -1 ][66 364 -1 ][66 364 -1 ][152 428 -1 ][152 429 -1 ][152 -1 -1 ][152 -1 -1 ][152 -1 -1 ][152 -1 -1 ][152 430 -1 ][152 428 -1 ][66 364 -1 ][66 364 -1 ][66 364 -1 ][66 368 -1 ][66 360 -1 ][66 368 -1 ][66 368 -1 ][66 364 -1 ][56 -1 -1 ][56 -1 -1 ][57 -1 -1 ][57 -1 -1 ][57 -1 -1 ][60 -1 -1 ][60 -1 -1 ][60 -1 -1 ]
[65 -1 -1 ][65 -1 -1 ][65 -1 -1 ][63 -1 -1 ][63 -1 -1 ][66 368 -1 ][66 368 -1 ][66 364 -1 ][66 363 -1 ][66 364 -1 ][66 362 -1 ][66 364 -1 ][66 364 -1 ][66 366 -1 ][66 364 -1 ][152 428 -1 ][152 429 -1 ][152 471 -1 ][152 -1 -1 ][152 -1 -1 ][152 -1 -1 ][152 430 -1 ][152 428 -1 ][66 364 -1 ][66 364 -1 ][66 362 -1 ][66 369 -1 ][66 364 -1 ][66 363 -1 ][66 363 -1 ][66 360 -1 ][66 364 -1 ][56 -1 -1 ][57 -1 -1 ][57 -1 -1 ][57 -1 -1 ][60 -1 -1 ][60 -1 -1 ][60 -1 -1 ]
[65 -1 -1 ][65 -1 -1 ][65 -1 -1 ][63 -1 -1 ][63 -1 -1 ][66 368 -1 ][66 360 -1 ][66 368 -1 ][66 364 -1 ][66 364 -1 ][66 364 -1 ][66 361 -1 ][66 364 -1 ][66 364 -1 ][152 428 -1 ][152 429 -1 ][152 -1 -1 ][152 -1 -1 ][152 -1 -1 ][152 -1 -1 ][152 -1 -1 ][152 471 -1 ][152 430 -1 ][152 428 -1 ][66 364 -1 ][66 368 -1 ][66 362 -1 ][66 360 -1 ][66 368 -1 ][66 364 -1 ][66 362 -1 ][66 364 -1 ][56 -1 -1 ][57 -1 -1 ][57 -1 -1 ][57 -1 -1 ][60 -1 -1 ][60 -1 -1 ][60 -1 -1 ]
[65 -1 -1 ][65 -1 -1 ][65 -1 -1 ][63 -1 -1 ][63 -1 -1 ][66 368 -1 ][66 360 -1 ][66 360 -1 ][66 364 -1 ][66 369 -1 ][66 364 -1 ][66 364 -1 ][66 367 -1 ][66 364 -1 ][152 428 -1 ][152 429 -1 ][152 -1 -1 ][152 -1 -1 ][152 426 -1 ][152 426 -1 ][152 -1 -1 ][152 -1 -1 ][152 430 -1 ][152 428 -1 ][66 364 -1 ][66 363 -1 ][66 368 -1 ][66 368 -1 ][66 368 -1 ][66 368 -1 ][66 364 -1 ][66 366 -1 ][66 364 -1 ][57 -1 -1 ][57 -1 -1 ][57 -1 -1 ][60 -1 -1 ][60 -1 -1 ][60 -1 -1 ]
[65 -1 -1 ][65 -1 -1 ][65 -1 -1 ][63 -1 -1 ][63 -1 -1 ][63 -1 -1 ][66 368 -1 ][66 364 -1 ][66 364 -1 ][66 362 -1 ][66 368 -1 ][66 360 -1 ][66 369 -1 ][66 364 -1 ][152 428 -1 ][152 429 -1 ][152 468 -1 ][152 -1 -1 ][152 -1 -1 ][152 -1 -1 ][152 -1 -1 ][152 -1 -1 ][152 430 -1 ][152 428 -1 ][66 360 -1 ][66 364 -1 ][66 364 -1 ][66 360 -1 ][66 364 -1 ][66 362 -1 ][66 369 -1 ][66 364 -1 ][66 364 -1 ][57 -1 -1 ][57 -1 -1 ][57 -1 -1 ][60 -1 -1 ][60 -1 -1 ][60 -1 -1 ]
[65 -1 -1 ][65 -1 -1 ][65 -1 -1 ][63 -1 -1 ][63 -1 -1 ][63 -1 -1 ][66 364 -1 ][66 364 -1 ][66 369 -1 ][66 364 -1 ][66 364 -1 ][66 364 -1 ][66 364 -1 ][66 364 -1 ][66 364 -1 ][152 428 -1 ][152 429 -1 ][152 -1 -1 ][152 471 -1 ][152 469 -1 ][152 -1 -1 ][152 430 -1 ][152 428 -1 ][66 364 -1 ][66 364 -1 ][66 368 -1 ][66 361 -1 ][66 369 -1 ][66 363 -1 ][66 364 -1 ][66 366 -1 ][66 364 -1 ][66 360 -1 ][66 364 -1 ][57 -1 -1 ][57 -1 -1 ][60 -1 -1 ][60 -1 -1 ][60 -1 -1 ]
[65 -1 -1 ][65 -1 -1 ][65 -1 -1 ][63 -1 -1 ][63 -1 -1 ][63 -1 -1 ][66 364 -1 ][66 362 -1 ][66 364 -1 ][66 364 -1 ][66 368 -1 ][66 368 -1 ][66 363 -1 ][66 364 -1 ][66 364 -1 ][152 428 -1 ][152 429 -1 ][152 -1 -1 ][152 -1 -1 ][152 -1 -1 ][152 -1 -1 ][152 430 -1 ][152 428 -1 ][66 364 -1 ][66 364 -1 ][66 369 -1 ][66 364 -1 ][66 364 -1 ][66 360 -1 ][66 364 -1 ][66 364 -1 ][66 360 -1 ][66 364 -1 ][66 364 -1 ][57 -1 -1 ][57 -1 -1 ][60 -1 -1 ][60 -1 -1 ][60 -1 -1 ]
[65 -1 -1 ][65 -1 -1 ][65 -1 -1 ][63 -1 -1 ][63 -1 -1 ][63 -1 -1 ][66 364 -1 ][66 364 -1 ][66 369 -1 ][66 364 -1 ][66 360 -1 ][66 364 -1 ][66 364 -1 ][66 361 -1 ][66 364 -1 ][66 364 -1 ][152 428 -1 ][152 428 -1 ][152 440 -1 ][152 441 -1 ][152 428 -1 ][152 428 -1 ][66 368 -1 ][66 368 -1 ][66 360 -1 ][66 364 -1 ][66 368 -1 ][66 368 -1 ][66 366 -1 ][66 364 -1 ][66 362 -1 ][66 368 -1 ][66 367 -1 ][66 364 -1 ][66 364 -1 ][57 -1 -1 ][60 -1 -1 ][60 -1 -1 ][60 -1 -1 ]
[65 -1 -1 ][65 -1 -1 ][65 -1 -1 ][63 -1 -1 ][63 -1 -1 ][63 -1 -1 ][66 364 -1 ][66 364 -1 ][66 362 -1 ][66 364 -1 ][66 364 -1 ][66 364 -1 ][66 363 -1 ][66 364 -1 ][66 364 -1 ][66 364 -1 ][66 364 -1 ][66 471 -1 ][66 457 -1 ][66 458 -1 ][66 471 -1 ][66 364 -1 ][66 363 -1 ][66 364 -1 ][66 368 -1 ][66 368 -1 ][66 362 -1 ][66 364 -1 ][66 364 -1 ][66 364 -1 ][66 364 -1 ][66 367 -1 ][66 364 -1 ][66 363 -1 ][66 364 -1 ][57 -1 -1 ][60 -1 -1 ][60 -1 -1 ][60 -1 -1 ]
[65 -1 -1 ][65 -1 -1 ][65 -1 -1 ][63 -1 -1 ][63 -1 -1 ][63 -1 -1 ][66 364 -1 ][66 364 -1 ][66 364 -1 ][66 364 -1 ][66 364 -1 ][66 436 -1 ][66 437 -1 ][66 364 -1 ][66 364 -1 ][66 369 -1 ][66 364 -1 ][66 364 -1 ][66 364 -1 ][66 360 -1 ][66 360 -1 ][66 364 -1 ][66 364 -1 ][66 360 -1 ][66 364 -1 ][66 368 -1 ][66 364 -1 ][67 431 -1 ][67 432 -1 ][67 432 -1 ][67 432 -1 ][67 432 -1 ][67 433 -1 ][66 368 -1 ][66 360 -1 ][57 -1 -1 ][60 -1 -1 ][60 -1 -1 ][60 -1 -1 ]
[65 -1 -1 ][65 -1 -1 ][65 -1 -1 ][63 -1 -1 ][63 -1 -1 ][63 -1 -1 ][66 363 -1 ][66 364 -1 ][66 364 -1 ][66 362 -1 ][66 364 -1 ][66 453 -1 ][66 454 -1 ][66 364 -1 ][66 361 -1 ][66 364 -1 ][66 364 -1 ][66 364 -1 ][66 364 -1 ][66 360 -1 ][66 364 -1 ][66 364 -1 ][66 366 -1 ][66 364 -1 ][66 362 -1 ][66 364 -1 ][66 364 -1 ][67 434 -1 ][67 -1 473 ][67 -1 -1 ][67 -1 -1 ][67 -1 473 ][67 434 -1 ][66 364 -1 ][66 364 -1 ][66 364 -1 ][60 -1 -1 ][60 -1 -1 ][60 -1 -1 ]
[65 -1 -1 ][65 -1 -1 ][65 -1 -1 ][63 -1 -1 ][63 -1 -1 ][63 -1 -1 ][66 364 -1 ][66 367 -1 ][66 369 -1 ][66 363 -1 ][66 368 -1 ][66 368 -1 ][66 364 -1 ][66 368 -1 ][66 364 -1 ][66 360 -1 ][66 364 -1 ][66 362 -1 ][66 364 -1 ][66 367 -1 ][66 364 -1 ][66 369 -1 ][66 364 -1 ][66 364 -1 ][66 364 -1 ][66 364 -1 ][66 364 -1 ][67 434 -1 ][67 -1 -1 ][67 -1 -1 ][67 -1 473 ][67 -1 -1 ][67 434 -1 ][66 364 -1 ][66 364 -1 ][66 364 -1 ][66 364 -1 ][60 -1 -1 ][60 -1 -1 ]
[65 -1 -1 ][65 -1 -1 ][65 -1 -1 ][63 -1 -1 ][63 -1 -1 ][63 -1 -1 ][66 369 -1 ][66 362 -1 ][66 364 -1 ][66 366 -1 ][66 364 -1 ][66 368 -1 ][66 360 -1 ][66 368 -1 ][66 368 -1 ][66 360 -1 ][66 364 -1 ][66 364 -1 ][66 368 -1 ][66 364 -1 ][66 366 -1 ][66 364 -1 ][66 364 -1 ][66 364 -1 ][66 369 -1 ][66 366 -1 ][66 364 -1 ][67 448 -1 ][67 449 -1 ][67 449 -1 ][67 449 -1 ][67 449 -1 ][67 450 -1 ][66 364 -1 ][66 362 -1 ][66 364 -1 ][66 362 -1 ][66 364 -1 ][60 -1 -1 ]
[65 -1 -1 ][65 -1 -1 ][65 -1 -1 ][63 -1 -1 ][63 -1 -1 ][63 -1 -1 ][66 364 -1 ][66 368 -1 ][66 368 -1 ][66 364 -1 ][66 362 -1 ][66 360 -1 ][66 360 -1 ][66 364 -1 ][66 360 -1 ][66 364 -1 ][66 361 -1 ][66 368 -1 ][66 362 -1 ][66 364 -1 ][66 360 -1 ][66 364 -1 ][66 360 -1 ][66 368 -1 ][66 364 -1 ][66 360 -1 ][66 364 -1 ][66 364 -1 ][66 364 -1 ][66 364 -1 ][66 364 -1 ][66 364 -1 ][66 364 -1 ][66 362 -1 ][66 364 -1 ][66 364 -1 ][66 360 -1 ][66 367 -1 ][66 364 -1 ]
[65 -1 -1 ][65 -1 -1 ][65 -1 -1 ][63 -1 -1 ][63 -1 -1 ][63 -1 -1 ][66 364 -1 ][66 367 -1 ][66 360 -1 ][66 368 -1 ][66 368 -1 ][66 367 -1 ][66 368 -1 ][66 368 -1 ][66 363 -1 ][66 368 -1 ][66 362 -1 ][66 364 -1 ][66 368 -1 ][66 368 -1 ][66 360 -1 ][66 364 -1 ][66 368 -1 ][66 366 -1 ][66 362 -1 ][66 368 -1 ][66 364 -1 ][66 363 -1 ][66 364 -1 ][66 360 -1 ][66 364 -1 ][66 369 -1 ][66 367 -1 ][66 367 -1 ][66 364 -1 ][66 360 -1 ][66 368 -1 ][66 368 -1 ][66 362 -1 ]
