[66 412 -1 ][66 412 -1 ][66 412 -1 ][66 412 -1 ][66 412 -1 ][66 412 -1 ][66 412 -1 ][66 412 -1 ][66 -1 -1 ][66 -1 -1 ][66 -1 -1 ][66 -1 -1 ][66 -1 -1 ][66 -1 -1 ][66 -1 -1 ][66 -1 -1 ][66 -1 -1 ][66 -1 -1 ][66 -1 -1 ][66 -1 -1 ][66 -1 -1 ][66 -1 -1 ][66 -1 -1 ][66 -1 -1 ][66 -1 -1 ][66 -1 -1 ][66 -1 -1 ][66 -1 -1 ][66 -1 -1 ][66 -1 -1 ][66 -1 -1 ][66 -1 -1 ][66 -1 -1 ][66 -1 -1 ][66 -1 -1 ][66 -1 -1 ][66 -1 -1 ][66 -1 -1 ][66 -1 -1 ]
[66 412 -1 ][67 412 -1 ][67 412 -1 ][66 412 -1 ][66 412 -1 ][66 412 -1 ][66 412 -1 ][66 412 -1 ][66 412 -1 ][66 -1 -1 ][66 -1 -1 ][66 -1 -1 ][66 -1 -1 ][66 -1 -1 ][66 -1 -1 ][66 -1 -1 ][66 -1 -1 ][66 -1 -1 ][66 -1 -1 ][66 -1 -1 ][66 -1 -1 ][67 -1 -1 ][67 -1 -1 ][67 -1 -1 ][66 -1 -1 ][66 -1 -1 ][66 -1 482 ][66 -1 -1 ][66 -1 -1 ][66 -1 -1 ][66 -1 -1 ][66 -1 -1 ][66 -1 -1 ][66 -1 -1 ][66 -1 -1 ][66 -1 -1 ][66 -1 -1 ][66 -1 -1 ][66 -1 -1 ]
[67 412 -1 ][67 412 -1 ][67 412 -1 ][67 412 -1 ][67 412 -1 ][66 412 -1 ][66 412 -1 ][66 412 -1 ][66 412 -1 ][66 -1 -1 ][66 -1 -1 ][66 -1 -1 ][66 -1 -1 ][67 -1 -1 ][67 -1 -1 ][66 -1 -1 ][66 -1 -1 ][66 364 -1 ][66 -1 -1 ][66 -1 -1 ][66 -1 -1 ][67 422 -1 ][67 422 -1 ][67 422 -1 ][67 422 -1 ][66 -1 -1 ][66 -1 -1 ][66 -1 -1 ][66 -1 -1 ][66 -1 -1 ][66 -1 -1 ][66 -1 -1 ][66 -1 -1 ][66 -1 -1 ][66 -1 -1 ][66 -1 -1 ][66 -1 -1 ][66 -1 -1 ][66 -1 -1 ]
[67 412 -1 ][66 412 -1 ][66 412 -1 ][66 412 -1 ][66 -1 -1 ][66 412 -1 ][66 412 -1 ][66 412 -1 ][66 412 -1 ][66 412 -1 ][66 -1 -1 ][66 -1 -1 ][66 -1 -1 ][67 -1 -1 ][67 -1 -1 ][67 -1 -1 ][66 -1 -1 ][66 -1 -1 ][66 -1 -1 ][66 364 -1 ][66 -1 -1 ][66 -1 -1 ][67 -1 -1 ][66 -1 -1 ][66 -1 -1 ][66 -1 -1 ][66 -1 -1 ][66 -1 -1 ][66 -1 -1 ][66 -1 -1 ][66 361 -1 ][66 -1 -1 ][67 -1 -1 ][67 -1 -1 ][67 428 -1 ][66 -1 -1 ][66 -1 -1 ][66 -1 -1 ][66 -1 -1 ]
[66 412 -1 ][66 412 -1 ][66 412 -1 ][66 -1 -1 ][66 -1 -1 ][66 -1 -1 ][66 -1 -1 ][66 -1 -1 ][67 -1 -1 ][67 -1 -1 ][67 -1 -1 ][66 -1 -1 ][66 -1 -1 ][66 -1 -1 ][67 -1 -1 ][67 -1 -1 ][67 -1 -1 ][66 -1 -1 ][66 -1 -1 ][66 366 -1 ][66 -1 -1 ][66 -1 -1 ][66 -1 -1 ][67 -1 -1 ][67 -1 -1 ][66 -1 -1 ][66 -1 -1 ][66 -1 -1 ][66 -1 -1 ][66 -1 -1 ][66 361 -1 ][66 -1 -1 ][66 -1 -1 ][67 -1 -1 ][67 428 -1 ][66 428 -1 ][66 -1 -1 ][66 -1 -1 ][66 -1 -1 ]
[66 412 -1 ][66 412 -1 ][66 412 -1 ][66 -1 -1 ][66 362 -1 ][66 -1 -1 ][66 -1 -1 ][67 -1 -1 ][67 -1 -1 ][67 -1 -1 ][67 -1 -1 ][66 361 -1 ][66 364 -1 ][66 -1 -1 ][66 -1 -1 ][67 -1 -1 ][66 -1 -1 ][66 -1 -1 ][66 -1 -1 ][66 361 -1 ][66 361 -1 ][66 -1 -1 ][66 -1 -1 ][66 -1 -1 ][66 -1 -1 ][66 361 -1 ][66 361 -1 ][66 -1 -1 ][66 -1 -1 ][66 -1 -1 ][66 -1 -1 ][66 -1 -1 ][66 -1 -1 ][66 -1 -1 ][67 -1 -1 ][66 428 -1 ][66 -1 -1 ][66 -1 -1 ][66 -1 -1 ]
[66 412 -1 ][66 412 -1 ][66 -1 -1 ][66 362 -1 ][66 362 -1 ][66 -1 -1 ][66 -1 -1 ][67 -1 -1 ][67 -1 -1 ][66 -1 -1 ][66 -1 -1 ][66 -1 -1 ][66 -1 -1 ][66 361 -1 ][66 361 -1 ][66 -1 -1 ][66 366 -1 ][66 366 -1 ][66 -1 -1 ][66 -1 -1 ][66 -1 -1 ][66 -1 -1 ][66 -1 -1 ][66 -1 -1 ][66 -1 -1 ][66 -1 -1 ][66 -1 -1 ][66 -1 -1 ][66 -1 -1 ][66 -1 -1 ][66 -1 -1 ][66 -1 -1 ][66 -1 -1 ][66 -1 -1 ][67 -1 -1 ][67 -1 -1 ][66 -1 -1 ][66 -1 -1 ][66 -1 -1 ]
[66 -1 -1 ][66 412 -1 ][66 -1 -1 ][66 -1 -1 ][66 440 -1 ][66 441 -1 ][67 -1 -1 ][67 -1 -1 ][66 -1 -1 ][66 -1 -1 ][66 -1 -1 ][66 -1 -1 ][66 -1 -1 ][66 -1 -1 ][66 -1 -1 ][66 366 -1 ][66 366 -1 ][66 -1 -1 ][66 -1 -1 ][66 -1 -1 ][66 -1 -1 ][66 -1 -1 ][66 364 -1 ][66 -1 -1 ][66 -1 -1 ][66 366 -1 ][66 -1 -1 ][66 -1 -1 ][66 -1 -1 ][66 -1 -1 ][66 -1 -1 ][66 -1 481 ][66 -1 -1 ][66 -1 -1 ][66 -1 -1 ][66 -1 -1 ][66 -1 -1 ][66 -1 -1 ][66 -1 -1 ]
[66 -1 -1 ][66 -1 -1 ][66 364 -1 ][66 -1 -1 ][66 457 -1 ][66 458 -1 ][66 -1 -1 ][66 -1 -1 ][66 -1 -1 ][66 -1 -1 ][66 -1 -1 ][66 -1 -1 ][66 -1 -1 ][66 -1 -1 ][66 -1 -1 ][66 -1 -1 ][66 -1 -1 ][66 -1 -1 ][66 -1 -1 ][66 -1 -1 ][66 -1 -1 ][66 -1 -1 ][66 -1 -1 ][66 -1 -1 ][67 -1 -1 ][67 -1 -1 ][67 366 -1 ][66 -1 -1 ][66 -1 -1 ][66 -1 -1 ][66 -1 -1 ][66 -1 498 ][66 -1 -1 ][66 -1 -1 ][66 -1 -1 ][66 -1 -1 ][66 -1 -1 ][66 -1 -1 ][66 -1 -1 ]
[66 -1 -1 ][66 364 -1 ][66 364 -1 ][66 -1 -1 ][66 362 -1 ][66 -1 -1 ][66 -1 -1 ][66 -1 -1 ][66 346 -1 ][66 -1 -1 ][66 -1 -1 ][66 -1 -1 ][66 -1 -1 ][66 -1 -1 ][66 -1 -1 ][66 -1 -1 ][66 -1 -1 ][66 361 -1 ][66 -1 -1 ][66 -1 -1 ][66 -1 -1 ][66 -1 -1 ][66 -1 -1 ][66 366 -1 ][66 -1 -1 ][67 -1 -1 ][67 -1 -1 ][67 -1 -1 ][66 -1 -1 ][66 -1 -1 ][66 -1 -1 ][66 -1 -1 ][66 -1 -1 ][66 -1 -1 ][66 -1 -1 ][66 -1 -1 ][66 -1 -1 ][66 -1 -1 ][66 -1 -1 ]
[66 -1 -1 ][66 -1 -1 ][66 -1 -1 ][66 -1 -1 ][66 -1 -1 ][66 364 -1 ][66 -1 -1 ][66 -1 -1 ][66 -1 -1 ][66 -1 -1 ][66 -1 -1 ][66 -1 -1 ][66 -1 -1 ][66 -1 -1 ][66 -1 -1 ][66 -1 -1 ][66 -1 -1 ][66 362 -1 ][66 -1 -1 ][66 -1 -1 ][66 -1 -1 ][66 -1 -1 ][66 364 -1 ][66 366 -1 ][66 -1 -1 ][66 -1 -1 ][67 -1 -1 ][67 -1 -1 ][66 -1 -1 ][66 -1 -1 ][66 364 -1 ][66 -1 -1 ][66 -1 -1 ][66 -1 -1 ][66 370 -1 ][66 -1 -1 ][66 -1 -1 ][66 -1 -1 ][66 -1 -1 ]
[66 -1 -1 ][66 364 -1 ][66 -1 -1 ][66 414 -1 ][66 -1 -1 ][66 364 -1 ][66 -1 -1 ][66 -1 -1 ][66 -1 -1 ][66 366 -1 ][66 366 -1 ][66 -1 -1 ][66 362 -1 ][66 362 -1 ][66 -1 -1 ][66 -1 -1 ][66 -1 -1 ][66 -1 -1 ][66 362 -1 ][66 -1 -1 ][66 -1 -1 ][66 -1 -1 ][66 364 -1 ][66 -1 -1 ][66 -1 -1 ][66 -1 -1 ][67 -1 -1 ][67 -1 -1 ][66 361 -1 ][66 -1 -1 ][66 -1 -1 ][66 -1 -1 ][66 -1 -1 ][66 -1 -1 ][66 -1 -1 ][66 -1 -1 ][66 419 -1 ][66 419 -1 ][66 -1 -1 ]
[66 -1 -1 ][66 -1 -1 ][66 -1 -1 ][66 -1 -1 ][66 362 -1 ][66 -1 -1 ][67 -1 -1 ][66 -1 -1 ][66 366 -1 ][66 366 -1 ][66 -1 -1 ][66 364 -1 ][66 -1 -1 ][66 366 -1 ][66 366 -1 ][66 -1 -1 ][66 -1 -1 ][66 -1 -1 ][66 -1 -1 ][66 -1 -1 ][66 -1 -1 ][66 -1 -1 ][66 -1 -1 ][66 -1 -1 ][66 -1 -1 ][66 -1 -1 ][66 -1 -1 ][66 -1 -1 ][66 -1 -1 ][66 -1 -1 ][66 -1 -1 ][66 -1 -1 ][66 -1 -1 ][66 -1 -1 ][66 -1 -1 ][66 370 -1 ][66 419 -1 ][66 -1 -1 ][66 -1 -1 ]
[66 -1 -1 ][66 -1 -1 ][66 -1 -1 ][66 -1 -1 ][66 362 -1 ][66 362 -1 ][67 -1 -1 ][67 -1 -1 ][66 -1 -1 ][66 -1 -1 ][66 -1 -1 ][66 -1 -1 ][66 -1 -1 ][66 -1 -1 ][66 -1 -1 ][66 -1 -1 ][66 -1 -1 ][66 -1 -1 ][66 -1 -1 ][66 -1 -1 ][66 -1 -1 ][66 -1 -1 ][66 -1 -1 ][66 -1 -1 ][66 -1 -1 ][66 -1 -1 ][66 364 -1 ][66 -1 -1 ][66 -1 -1 ][66 -1 -1 ][66 -1 -1 ][66 361 -1 ][66 -1 -1 ][66 -1 -1 ][67 -1 -1 ][66 -1 -1 ][66 419 -1 ][66 419 -1 ][66 420 -1 ]
[105 -1 -1 ][105 -1 -1 ][66 -1 -1 ][66 -1 -1 ][66 362 -1 ][66 -1 -1 ][67 -1 -1 ][67 -1 -1 ][66 -1 -1 ][66 -1 -1 ][66 -1 -1 ][66 -1 -1 ][66 -1 -1 ][66 -1 -1 ][66 362 -1 ][66 -1 -1 ][66 -1 -1 ][66 366 -1 ][66 366 -1 ][66 366 -1 ][66 -1 -1 ][66 -1 -1 ][66 -1 -1 ][66 -1 -1 ][66 -1 -1 ][66 -1 -1 ][66 -1 -1 ][66 -1 -1 ][66 -1 -1 ][66 -1 -1 ][66 -1 -1 ][66 361 -1 ][66 361 -1 ][66 -1 -1 ][67 -1 -1 ][67 419 -1 ][66 -1 -1 ][66 419 -1 ][66 -1 -1 ]
[110 -1 -1 ][109 -1 -1 ][105 -1 -1 ][66 -1 -1 ][66 -1 -1 ][66 -1 -1 ][67 -1 -1 ][67 -1 -1 ][66 -1 -1 ][66 -1 -1 ][66 -1 -1 ][66 -1 -1 ][66 -1 -1 ][66 362 -1 ][66 362 -1 ][66 -1 -1 ][66 -1 -1 ][66 366 -1 ][66 -1 -1 ][66 -1 -1 ][66 -1 -1 ][66 -1 -1 ][66 -1 -1 ][66 -1 -1 ][66 -1 -1 ][66 -1 -1 ][66 -1 -1 ][66 -1 473 ][66 -1 -1 ][66 -1 -1 ][66 -1 -1 ][66 -1 -1 ][66 361 -1 ][67 -1 -1 ][67 -1 -1 ][67 419 -1 ][66 420 -1 ][66 419 -1 ][66 419 -1 ]
[387 -1 -1 ][105 -1 -1 ][105 -1 -1 ][109 -1 -1 ][105 -1 -1 ][66 -1 -1 ][66 -1 -1 ][67 -1 -1 ][67 -1 -1 ][67 -1 -1 ][66 -1 -1 ][66 -1 -1 ][66 362 -1 ][66 362 -1 ][66 -1 -1 ][66 -1 -1 ][66 361 -1 ][66 -1 -1 ][66 -1 -1 ][66 -1 -1 ][66 -1 -1 ][66 366 -1 ][66 -1 -1 ][66 -1 -1 ][66 -1 -1 ][66 -1 -1 ][66 -1 -1 ][66 -1 -1 ][66 -1 -1 ][66 -1 -1 ][66 -1 -1 ][66 -1 -1 ][66 -1 -1 ][67 -1 -1 ][67 -1 -1 ][67 419 -1 ][66 419 -1 ][66 419 -1 ][66 419 -1 ]
[387 -1 -1 ][387 -1 -1 ][105 -1 -1 ][109 -1 -1 ][105 -1 -1 ][105 -1 -1 ][105 -1 -1 ][66 -1 -1 ][67 -1 -1 ][66 -1 -1 ][66 -1 -1 ][66 -1 -1 ][66 -1 -1 ][66 -1 -1 ][66 364 -1 ][66 -1 -1 ][66 -1 -1 ][66 -1 -1 ][66 -1 -1 ][66 -1 -1 ][66 -1 -1 ][66 366 -1 ][66 -1 -1 ][66 -1 -1 ][66 -1 473 ][66 -1 -1 ][66 -1 -1 ][66 -1 -1 ][66 361 -1 ][66 -1 -1 ][66 -1 -1 ][66 -1 -1 ][66 -1 -1 ][66 419 -1 ][66 420 -1 ][66 -1 -1 ][66 419 -1 ][66 419 -1 ][66 419 -1 ]
[387 -1 -1 ][385 -1 -1 ][387 -1 -1 ][105 -1 -1 ][105 -1 -1 ][105 -1 -1 ][105 -1 -1 ][105 -1 -1 ][66 -1 -1 ][66 -1 -1 ][66 -1 -1 ][66 -1 -1 ][66 -1 -1 ][66 -1 -1 ][66 -1 -1 ][66 -1 -1 ][66 -1 484 ][67 -1 -1 ][67 -1 -1 ][66 -1 -1 ][66 -1 -1 ][66 -1 -1 ][66 -1 -1 ][66 -1 -1 ][66 -1 -1 ][66 -1 -1 ][66 -1 -1 ][66 -1 -1 ][66 -1 -1 ][66 -1 -1 ][66 -1 -1 ][66 -1 -1 ][66 420 -1 ][66 419 -1 ][66 -1 -1 ][66 420 -1 ][66 419 -1 ][66 420 -1 ][66 419 -1 ]
[405 -1 -1 ][385 -1 -1 ][387 -1 -1 ][387 -1 -1 ][387 -1 -1 ][387 -1 -1 ][105 -1 -1 ][105 -1 -1 ][105 -1 -1 ][66 -1 -1 ][66 -1 -1 ][66 -1 -1 ][66 364 -1 ][66 -1 -1 ][66 -1 -1 ][66 -1 -1 ][67 -1 -1 ][67 -1 -1 ][67 -1 -1 ][66 -1 -1 ][66 -1 -1 ][66 -1 -1 ][66 -1 -1 ][66 -1 -1 ][66 -1 -1 ][66 -1 -1 ][66 -1 -1 ][66 -1 -1 ][66 -1 -1 ][66 -1 -1 ][66 -1 -1 ][67 420 -1 ][67 -1 -1 ][66 419 -1 ][66 420 -1 ][66 419 -1 ][66 419 -1 ][66 419 -1 ][66 420 -1 ]
[405 -1 -1 ][405 -1 -1 ][405 -1 -1 ][385 -1 -1 ][387 -1 -1 ][385 -1 -1 ][387 -1 -1 ][110 -1 -1 ][105 -1 -1 ][105 -1 -1 ][105 -1 -1 ][66 -1 -1 ][66 -1 -1 ][66 -1 -1 ][66 -1 -1 ][66 -1 -1 ][67 -1 -1 ][67 -1 -1 ][67 -1 -1 ][67 -1 -1 ][66 -1 -1 ][66 -1 -1 ][66 364 -1 ][66 -1 -1 ][66 -1 -1 ][66 -1 -1 ][66 -1 -1 ][66 -1 473 ][67 466 -1 ][66 -1 -1 ][66 -1 -1 ][66 -1 -1 ][67 -1 -1 ][67 420 -1 ][67 -1 -1 ][66 420 -1 ][66 420 -1 ][66 -1 -1 ][66 420 -1 ]
[405 -1 -1 ][405 -1 -1 ][405 -1 -1 ][405 -1 -1 ][405 -1 -1 ][387 -1 -1 ][387 -1 -1 ][387 -1 -1 ][387 -1 -1 ][387 -1 -1 ][105 -1 -1 ][105 -1 -1 ][66 -1 -1 ][66 -1 -1 ][66 -1 -1 ][66 -1 -1 ][66 -1 -1 ][66 -1 -1 ][67 -1 -1 ][67 -1 -1 ][66 -1 -1 ][66 -1 -1 ][66 -1 -1 ][66 -1 -1 ][66 -1 -1 ][66 -1 -1 ][66 -1 -1 ][66 -1 -1 ][66 -1 -1 ][66 -1 -1 ][66 -1 -1 ][67 -1 -1 ][67 -1 -1 ][67 -1 -1 ][67 -1 -1 ][66 -1 -1 ][66 420 -1 ][66 -1 -1 ][66 -1 -1 ]
