[67 412 -1 ][67 412 -1 ][67 412 -1 ][67 412 -1 ][67 412 -1 ][67 412 -1 ][67 412 -1 ][67 412 -1 ][67 412 -1 ][67 412 -1 ][67 412 -1 ][67 412 -1 ][67 412 -1 ][67 412 -1 ][67 412 -1 ][67 412 -1 ][67 412 -1 ][67 412 -1 ][67 412 -1 ][67 412 -1 ][67 412 -1 ][67 412 -1 ][67 412 -1 ][67 412 -1 ][67 412 -1 ][67 412 -1 ][67 412 -1 ][67 412 -1 ][67 412 -1 ][67 412 -1 ][67 412 -1 ][67 412 -1 ][67 412 -1 ][67 412 -1 ][67 412 -1 ][67 412 -1 ][67 412 -1 ][67 412 -1 ][67 412 -1 ]
[67 412 -1 ][67 412 -1 ][67 412 -1 ][67 412 -1 ][67 412 -1 ][67 412 -1 ][67 412 -1 ][67 412 -1 ][67 412 -1 ][67 412 -1 ][67 412 -1 ][67 412 -1 ][67 412 -1 ][67 412 -1 ][67 412 -1 ][67 412 -1 ][67 412 -1 ][67 412 -1 ][67 412 -1 ][67 412 -1 ][67 412 -1 ][67 412 -1 ][67 412 -1 ][67 412 -1 ][67 412 -1 ][67 412 -1 ][67 412 -1 ][67 412 -1 ][67 412 -1 ][67 412 -1 ][67 412 -1 ][67 412 -1 ][67 412 -1 ][67 412 -1 ][67 412 -1 ][67 412 -1 ][67 412 -1 ][67 412 -1 ][67 412 -1 ]
[67 412 -1 ][67 412 -1 ][67 -1 -1 ][67 -1 -1 ][67 -1 -1 ][67 -1 -1 ][67 -1 -1 ][67 -1 -1 ][67 -1 -1 ][67 -1 -1 ][67 -1 -1 ][67 -1 -1 ][67 -1 -1 ][67 -1 -1 ][67 -1 -1 ][67 -1 -1 ][67 -1 -1 ][67 -1 -1 ][67 -1 -1 ][67 -1 -1 ][67 -1 -1 ][67 -1 -1 ][67 -1 -1 ][67 -1 -1 ][67 -1 -1 ][67 -1 -1 ][67 -1 -1 ][67 -1 -1 ][67 -1 -1 ][67 -1 -1 ][67 -1 -1 ][67 -1 -1 ][67 -1 -1 ][67 -1 -1 ][67 -1 -1 ][67 412 -1 ][67 412 -1 ][67 412 -1 ][67 412 -1 ]
[67 412 -1 ][67 -1 -1 ][67 -1 -1 ][67 -1 -1 ][67 -1 -1 ][67 -1 -1 ][67 -1 -1 ][67 -1 -1 ][67 414 -1 ][67 -1 -1 ][67 -1 -1 ][67 372 -1 ][67 -1 -1 ][67 -1 -1 ][67 -1 -1 ][67 -1 -1 ][67 -1 -1 ][67 -1 -1 ][67 -1 -1 ][67 -1 -1 ][67 -1 -1 ][67 -1 -1 ][67 -1 -1 ][67 -1 -1 ][67 -1 -1 ][67 -1 -1 ][67 -1 -1 ][67 -1 -1 ][67 -1 -1 ][67 -1 -1 ][67 -1 -1 ][67 -1 -1 ][67 372 -1 ][67 -1 -1 ][67 -1 -1 ][67 -1 -1 ][67 -1 -1 ][67 412 -1 ][67 412 -1 ]
[67 412 -1 ][67 -1 -1 ][67 -1 -1 ][67 -1 -1 ][67 -1 -1 ][67 -1 -1 ][67 -1 -1 ][67 -1 -1 ][67 -1 -1 ][67 -1 -1 ][67 -1 -1 ][67 -1 -1 ][67 -1 -1 ][67 -1 -1 ][67 -1 -1 ][67 -1 -1 ][67 -1 -1 ][67 -1 -1 ][67 -1 -1 ][67 -1 -1 ][67 -1 -1 ][67 -1 -1 ][67 -1 -1 ][67 -1 -1 ][67 -1 -1 ][67 -1 -1 ][67 -1 -1 ][67 -1 -1 ][67 -1 -1 ][67 -1 -1 ][67 -1 -1 ][67 -1 -1 ][67 -1 -1 ][67 -1 -1 ][67 -1 -1 ][67 -1 -1 ][67 -1 -1 ][67 412 -1 ][67 412 -1 ]
[67 412 -1 ][67 -1 -1 ][67 -1 -1 ][67 -1 -1 ][67 -1 -1 ][67 -1 -1 ][67 -1 -1 ][67 -1 -1 ][67 -1 -1 ][67 -1 -1 ][67 -1 -1 ][67 -1 -1 ][67 -1 -1 ][67 443 -1 ][67 -1 -1 ][67 -1 -1 ][67 -1 -1 ][67 -1 -1 ][67 -1 -1 ][67 -1 -1 ][67 -1 -1 ][67 -1 -1 ][67 -1 -1 ][67 -1 -1 ][67 -1 -1 ][67 -1 -1 ][67 414 -1 ][67 -1 -1 ][67 -1 -1 ][67 -1 -1 ][67 -1 -1 ][67 -1 -1 ][67 -1 -1 ][67 -1 -1 ][67 -1 -1 ][67 -1 -1 ][67 -1 -1 ][67 -1 -1 ][67 412 -1 ]
[67 412 -1 ][67 -1 -1 ][67 -1 -1 ][67 -1 -1 ][67 -1 -1 ][67 -1 -1 ][67 -1 -1 ][67 -1 -1 ][67 -1 -1 ][67 -1 -1 ][67 -1 -1 ][67 -1 -1 ][67 -1 -1 ][67 -1 -1 ][67 -1 -1 ][67 -1 -1 ][67 -1 -1 ][67 -1 -1 ][67 -1 -1 ][67 -1 -1 ][67 -1 -1 ][67 -1 -1 ][67 -1 -1 ][67 -1 -1 ][67 -1 -1 ][67 -1 -1 ][67 -1 -1 ][67 -1 -1 ][67 -1 -1 ][67 -1 -1 ][67 372 -1 ][67 -1 -1 ][67 -1 -1 ][67 -1 -1 ][67 443 -1 ][67 -1 -1 ][67 -1 -1 ][67 -1 -1 ][67 412 -1 ]
[67 412 -1 ][67 412 -1 ][67 -1 -1 ][67 -1 -1 ][67 -1 -1 ][67 -1 -1 ][67 -1 -1 ][67 -1 -1 ][67 -1 -1 ][67 -1 -1 ][67 -1 -1 ][67 -1 -1 ][67 -1 -1 ][67 -1 -1 ][67 -1 -1 ][67 414 -1 ][67 -1 -1 ][67 -1 -1 ][67 -1 -1 ][67 -1 -1 ][67 -1 -1 ][67 -1 -1 ][67 -1 -1 ][67 -1 -1 ][67 414 -1 ][67 -1 -1 ][67 -1 -1 ][67 -1 -1 ][67 -1 -1 ][67 -1 -1 ][67 -1 -1 ][67 -1 -1 ][67 -1 -1 ][67 -1 -1 ][67 -1 -1 ][67 -1 -1 ][67 -1 -1 ][67 -1 -1 ][67 412 -1 ]
[67 412 -1 ][67 412 -1 ][67 -1 -1 ][67 -1 -1 ][67 -1 -1 ][67 -1 -1 ][67 -1 -1 ][67 414 -1 ][67 -1 -1 ][67 -1 -1 ][67 -1 -1 ][67 -1 -1 ][67 -1 -1 ][67 -1 -1 ][67 -1 -1 ][67 -1 -1 ][67 -1 -1 ][67 -1 -1 ][67 -1 -1 ][67 -1 -1 ][67 -1 -1 ][67 -1 -1 ][67 -1 -1 ][67 -1 -1 ][67 -1 -1 ][67 -1 -1 ][67 -1 -1 ][67 -1 -1 ][67 -1 -1 ][67 -1 -1 ][67 -1 -1 ][67 -1 -1 ][67 -1 -1 ][67 -1 -1 ][67 -1 -1 ][67 -1 -1 ][67 -1 -1 ][67 -1 -1 ][67 412 -1 ]
[67 412 -1 ][67 412 -1 ][67 -1 -1 ][67 -1 -1 ][67 -1 -1 ][67 -1 -1 ][67 -1 -1 ][67 -1 -1 ][67 -1 -1 ][67 -1 -1 ][67 -1 -1 ][67 -1 -1 ][67 -1 -1 ][67 -1 -1 ][67 -1 -1 ][67 -1 -1 ][67 -1 -1 ][67 -1 -1 ][67 -1 -1 ][67 -1 -1 ][67 -1 -1 ][67 -1 -1 ][67 -1 -1 ][67 -1 -1 ][67 -1 -1 ][67 -1 -1 ][67 -1 -1 ][67 -1 -1 ][67 -1 -1 ][67 -1 -1 ][67 -1 -1 ][67 -1 -1 ][67 -1 -1 ][67 -1 -1 ][67 -1 -1 ][67 -1 -1 ][67 -1 -1 ][67 412 -1 ][67 412 -1 ]
[67 412 -1 ][67 412 -1 ][67 -1 -1 ][67 -1 -1 ][67 -1 -1 ][67 -1 -1 ][67 -1 -1 ][67 -1 -1 ][67 372 -1 ][67 -1 -1 ][67 -1 -1 ][67 -1 -1 ][67 -1 -1 ][67 414 -1 ][67 -1 -1 ][67 -1 -1 ][67 -1 -1 ][67 -1 -1 ][67 -1 -1 ][67 -1 -1 ][67 -1 -1 ][67 -1 -1 ][67 -1 -1 ][67 -1 -1 ][67 -1 -1 ][67 -1 -1 ][67 -1 -1 ][67 -1 -1 ][67 -1 -1 ][67 -1 -1 ][67 -1 -1 ][67 -1 -1 ][67 -1 -1 ][67 -1 -1 ][67 -1 -1 ][67 -1 -1 ][67 -1 -1 ][67 412 -1 ][67 412 -1 ]
[67 412 -1 ][67 412 -1 ][67 -1 -1 ][67 -1 -1 ][67 -1 -1 ][67 -1 -1 ][67 -1 -1 ][67 -1 -1 ][67 -1 -1 ][67 -1 -1 ][67 -1 -1 ][67 -1 -1 ][67 -1 -1 ][67 -1 -1 ][67 -1 -1 ][67 -1 -1 ][67 -1 -1 ][67 -1 -1 ][67 -1 -1 ][67 -1 -1 ][67 -1 -1 ][67 -1 -1 ][67 -1 -1 ][67 -1 -1 ][67 -1 -1 ][67 -1 -1 ][67 -1 -1 ][67 -1 -1 ][67 -1 -1 ][67 -1 -1 ][67 -1 -1 ][67 -1 -1 ][67 -1 -1 ][67 -1 -1 ][67 -1 -1 ][67 -1 -1 ][67 -1 -1 ][67 412 -1 ][67 412 -1 ]
[67 412 -1 ][67 412 -1 ][67 -1 -1 ][67 -1 -1 ][67 -1 -1 ][67 -1 -1 ][67 -1 -1 ][67 -1 -1 ][67 -1 -1 ][67 -1 -1 ][67 -1 -1 ][67 -1 -1 ][67 -1 -1 ][67 -1 -1 ][67 -1 -1 ][67 -1 -1 ][67 -1 -1 ][67 -1 -1 ][67 -1 -1 ][67 414 -1 ][67 -1 -1 ][67 -1 -1 ][67 -1 -1 ][67 -1 -1 ][67 -1 -1 ][67 372 -1 ][67 -1 -1 ][67 -1 -1 ][67 -1 -1 ][67 -1 -1 ][67 -1 -1 ][67 -1 -1 ][67 -1 -1 ][67 -1 -1 ][67 -1 -1 ][67 -1 -1 ][67 -1 -1 ][67 412 -1 ][67 412 -1 ]
[67 412 -1 ][67 -1 -1 ][67 -1 -1 ][67 443 -1 ][67 -1 -1 ][67 -1 -1 ][67 -1 -1 ][67 -1 -1 ][67 -1 -1 ][67 -1 -1 ][67 -1 -1 ][67 -1 -1 ][67 -1 -1 ][67 -1 -1 ][67 -1 -1 ][67 -1 -1 ][67 -1 -1 ][67 -1 -1 ][67 -1 -1 ][67 -1 -1 ][67 -1 -1 ][67 -1 -1 ][67 -1 -1 ][67 -1 -1 ][67 -1 -1 ][67 -1 -1 ][67 -1 -1 ][67 -1 -1 ][67 -1 -1 ][67 -1 -1 ][67 -1 -1 ][67 -1 -1 ][67 -1 -1 ][67 -1 -1 ][67 -1 -1 ][67 -1 -1 ][67 -1 -1 ][67 412 -1 ][67 412 -1 ]
[67 412 -1 ][67 -1 -1 ][67 -1 -1 ][67 -1 -1 ][67 -1 -1 ][67 -1 -1 ][67 -1 -1 ][67 -1 -1 ][67 -1 -1 ][67 -1 -1 ][67 -1 -1 ][67 -1 -1 ][67 -1 -1 ][67 -1 -1 ][67 -1 -1 ][67 -1 -1 ][67 -1 -1 ][67 -1 -1 ][67 -1 -1 ][67 -1 -1 ][67 -1 -1 ][67 414 -1 ][67 -1 -1 ][67 -1 -1 ][67 -1 -1 ][67 -1 -1 ][67 -1 -1 ][67 -1 -1 ][67 -1 -1 ][67 -1 -1 ][67 -1 -1 ][67 -1 -1 ][67 -1 -1 ][67 -1 -1 ][67 -1 -1 ][67 -1 -1 ][67 -1 -1 ][67 412 -1 ][67 412 -1 ]
[67 412 -1 ][67 -1 -1 ][67 -1 -1 ][67 -1 -1 ][67 -1 -1 ][67 -1 -1 ][67 -1 -1 ][67 -1 -1 ][67 -1 -1 ][67 -1 -1 ][67 -1 -1 ][67 414 -1 ][67 -1 -1 ][67 -1 -1 ][67 -1 -1 ][67 -1 -1 ][67 -1 -1 ][67 -1 -1 ][67 -1 -1 ][67 -1 -1 ][67 -1 -1 ][67 -1 -1 ][67 -1 -1 ][67 -1 -1 ][67 -1 -1 ][67 -1 -1 ][67 -1 -1 ][67 414 -1 ][67 -1 -1 ][67 -1 -1 ][67 -1 -1 ][67 -1 -1 ][67 -1 -1 ][67 -1 -1 ][67 372 -1 ][67 -1 -1 ][67 -1 -1 ][67 412 -1 ][67 412 -1 ]
[67 412 -1 ][67 -1 -1 ][67 -1 -1 ][67 -1 -1 ][67 -1 -1 ][67 -1 -1 ][67 414 -1 ][67 -1 -1 ][67 -1 -1 ][67 -1 -1 ][67 -1 -1 ][67 -1 -1 ][67 -1 -1 ][67 -1 -1 ][67 -1 -1 ][67 -1 -1 ][67 -1 -1 ][67 -1 -1 ][67 -1 -1 ][67 -1 -1 ][67 -1 -1 ][67 -1 -1 ][67 -1 -1 ][67 -1 -1 ][67 -1 -1 ][67 -1 -1 ][67 -1 -1 ][67 -1 -1 ][67 -1 -1 ][67 -1 -1 ][67 -1 -1 ][67 -1 -1 ][67 -1 -1 ][67 -1 -1 ][67 -1 -1 ][67 -1 -1 ][67 -1 -1 ][67 412 -1 ][67 412 -1 ]
[67 412 -1 ][67 -1 -1 ][67 -1 -1 ][67 -1 -1 ][67 -1 -1 ][67 -1 -1 ][67 -1 -1 ][67 -1 -1 ][67 372 -1 ][67 -1 -1 ][67 -1 -1 ][67 -1 -1 ][67 -1 -1 ][67 -1 -1 ][67 -1 -1 ][67 -1 -1 ][67 -1 -1 ][67 414 -1 ][67 -1 -1 ][67 -1 -1 ][67 -1 -1 ][67 -1 -1 ][67 -1 -1 ][67 -1 -1 ][67 -1 -1 ][67 -1 -1 ][67 -1 -1 ][67 -1 -1 ][67 -1 -1 ][67 -1 -1 ][67 -1 -1 ][67 -1 -1 ][67 443 -1 ][67 -1 -1 ][67 -1 -1 ][67 -1 -1 ][67 -1 -1 ][67 412 -1 ][67 412 -1 ]
[67 412 -1 ][67 -1 -1 ][67 -1 -1 ][67 -1 -1 ][67 372 -1 ][67 -1 -1 ][67 -1 -1 ][67 -1 -1 ][67 -1 -1 ][67 -1 -1 ][67 -1 -1 ][67 -1 -1 ][67 -1 -1 ][67 -1 -1 ][67 -1 -1 ][67 -1 -1 ][67 -1 -1 ][67 -1 -1 ][67 -1 -1 ][67 -1 -1 ][67 -1 -1 ][67 -1 -1 ][67 -1 -1 ][67 372 -1 ][67 -1 -1 ][67 -1 -1 ][67 -1 -1 ][67 -1 -1 ][67 -1 -1 ][67 -1 -1 ][67 -1 -1 ][67 -1 -1 ][67 -1 -1 ][67 -1 -1 ][67 -1 -1 ][67 -1 -1 ][67 412 -1 ][67 412 -1 ][67 412 -1 ]
[67 412 -1 ][67 412 -1 ][67 412 -1 ][67 -1 -1 ][67 -1 -1 ][67 -1 -1 ][67 -1 -1 ][67 -1 -1 ][67 -1 -1 ][67 -1 -1 ][67 -1 -1 ][67 -1 -1 ][67 -1 -1 ][67 -1 -1 ][67 -1 -1 ][67 -1 -1 ][67 -1 -1 ][67 -1 -1 ][67 -1 -1 ][67 -1 -1 ][67 -1 -1 ][67 -1 -1 ][67 -1 -1 ][67 -1 -1 ][67 -1 -1 ][67 -1 -1 ][67 -1 -1 ][67 -1 -1 ][67 -1 -1 ][67 -1 -1 ][67 -1 -1 ][67 -1 -1 ][67 -1 -1 ][67 -1 -1 ][67 -1 -1 ][67 412 -1 ][67 412 -1 ][67 412 -1 ][67 412 -1 ]
[67 412 -1 ][67 412 -1 ][67 412 -1 ][67 412 -1 ][67 412 -1 ][67 412 -1 ][67 412 -1 ][67 412 -1 ][67 412 -1 ][67 412 -1 ][67 412 -1 ][67 412 -1 ][67 412 -1 ][67 412 -1 ][67 412 -1 ][67 412 -1 ][67 412 -1 ][67 412 -1 ][67 412 -1 ][67 412 -1 ][67 412 -1 ][67 412 -1 ][67 412 -1 ][67 412 -1 ][67 412 -1 ][67 412 -1 ][67 412 -1 ][67 412 -1 ][67 412 -1 ][67 412 -1 ][67 412 -1 ][67 412 -1 ][67 412 -1 ][67 412 -1 ][67 412 -1 ][67 412 -1 ][67 412 -1 ][67 412 -1 ][67 412 -1 ]
[67 412 -1 ][67 412 -1 ][67 412 -1 ][67 412 -1 ][67 412 -1 ][67 412 -1 ][67 412 -1 ][67 412 -1 ][67 412 -1 ][67 412 -1 ][67 412 -1 ][67 412 -1 ][67 412 -1 ][67 412 -1 ][67 412 -1 ][67 412 -1 ][67 412 -1 ][67 412 -1 ][67 412 -1 ][67 412 -1 ][67 412 -1 ][67 412 -1 ][67 412 -1 ][67 412 -1 ][67 412 -1 ][67 412 -1 ][67 412 -1 ][67 412 -1 ][67 412 -1 ][67 412 -1 ][67 412 -1 ][67 412 -1 ][67 412 -1 ][67 412 -1 ][67 412 -1 ][67 412 -1 ][67 412 -1 ][67 412 -1 ][67 412 -1 ]
