[385 -1 -1 ][385 -1 -1 ][390 -1 -1 ][390 -1 -1 ][390 -1 -1 ][390 -1 -1 ][390 -1 -1 ][390 -1 -1 ][390 -1 -1 ][390 -1 -1 ][390 -1 -1 ][390 -1 -1 ][390 -1 -1 ][390 -1 -1 ][390 -1 -1 ][390 -1 -1 ][390 -1 -1 ][390 -1 -1 ][390 -1 -1 ][390 -1 -1 ][390 -1 -1 ][390 -1 -1 ][390 -1 -1 ][390 -1 -1 ][390 -1 -1 ][390 -1 -1 ][390 -1 -1 ][390 -1 -1 ][390 -1 -1 ][390 -1 -1 ][390 -1 -1 ][385 -1 -1 ][385 -1 -1 ][385 -1 -1 ][106 -1 -1 ][106 -1 -1 ][110 -1 -1 ][106 -1 -1 ][106 -1 -1 ]
[385 -1 -1 ][385 -1 -1 ][385 -1 -1 ][390 -1 -1 ][390 -1 -1 ][390 -1 -1 ][390 -1 -1 ][390 -1 -1 ][390 -1 -1 ][390 -1 -1 ][390 -1 -1 ][390 -1 -1 ][390 -1 -1 ][390 -1 -1 ][390 -1 -1 ][390 -1 -1 ][390 -1 -1 ][390 -1 -1 ][390 -1 -1 ][390 -1 -1 ][390 -1 -1 ][390 -1 -1 ][390 -1 -1 ][390 -1 -1 ][390 -1 -1 ][390 -1 -1 ][390 -1 -1 ][390 -1 -1 ][390 -1 -1 ][390 -1 -1 ][385 -1 -1 ][385 -1 -1 ][385 -1 -1 ][106 -1 -1 ][106 -1 -1 ][106 442 -1 ][106 -1 -1 ][106 -1 -1 ][107 -1 -1 ]
[106 -1 -1 ][385 -1 -1 ][385 -1 -1 ][385 -1 -1 ][390 -1 -1 ][390 -1 -1 ][390 -1 -1 ][390 -1 -1 ][390 -1 -1 ][390 -1 -1 ][390 -1 -1 ][390 -1 -1 ][390 -1 -1 ][390 -1 -1 ][390 -1 -1 ][390 -1 -1 ][390 -1 -1 ][390 -1 -1 ][390 -1 -1 ][390 -1 -1 ][390 -1 -1 ][390 -1 -1 ][390 -1 -1 ][390 -1 -1 ][390 -1 -1 ][390 -1 -1 ][390 -1 -1 ][390 -1 -1 ][390 -1 -1 ][390 -1 -1 ][385 -1 -1 ][385 -1 -1 ][106 -1 -1 ][106 -1 -1 ][106 -1 -1 ][106 -1 -1 ][106 -1 -1 ][106 -1 -1 ][106 -1 -1 ]
[106 -1 -1 ][106 -1 -1 ][385 -1 -1 ][385 -1 -1 ][390 -1 -1 ][390 -1 -1 ][390 -1 -1 ][390 -1 -1 ][390 -1 -1 ][390 -1 -1 ][390 -1 -1 ][390 -1 -1 ][390 -1 -1 ][390 -1 -1 ][390 -1 -1 ][390 -1 -1 ][390 -1 -1 ][390 -1 -1 ][390 -1 -1 ][390 -1 -1 ][390 -1 -1 ][390 -1 -1 ][390 -1 -1 ][390 -1 -1 ][390 -1 -1 ][390 -1 -1 ][390 -1 -1 ][390 -1 -1 ][390 -1 -1 ][385 -1 -1 ][385 -1 -1 ][106 -1 -1 ][106 -1 -1 ][106 -1 -1 ][106 -1 -1 ][106 -1 -1 ][107 -1 -1 ][106 -1 -1 ][110 -1 -1 ]
[106 -1 -1 ][106 -1 -1 ][106 -1 -1 ][385 -1 -1 ][390 -1 -1 ][390 -1 -1 ][390 -1 -1 ][390 -1 -1 ][390 -1 -1 ][390 -1 -1 ][390 -1 -1 ][390 -1 -1 ][390 -1 -1 ][390 -1 -1 ][390 -1 -1 ][390 -1 -1 ][390 -1 -1 ][390 -1 -1 ][390 -1 -1 ][390 -1 -1 ][390 -1 -1 ][390 -1 -1 ][390 -1 -1 ][390 -1 -1 ][390 -1 -1 ][390 -1 -1 ][390 -1 -1 ][390 -1 -1 ][390 -1 -1 ][385 -1 -1 ][106 -1 -1 ][106 -1 -1 ][110 -1 -1 ][107 -1 -1 ][106 442 -1 ][106 -1 -1 ][106 -1 -1 ][106 -1 -1 ][106 -1 -1 ]
[106 -1 -1 ][106 442 -1 ][106 -1 -1 ][385 -1 -1 ][385 -1 -1 ][390 -1 -1 ][390 -1 -1 ][390 -1 -1 ][390 -1 -1 ][390 -1 -1 ][390 -1 -1 ][390 -1 -1 ][390 -1 -1 ][390 -1 -1 ][390 -1 -1 ][390 -1 -1 ][390 -1 -1 ][390 -1 -1 ][390 -1 -1 ][390 -1 -1 ][390 -1 -1 ][390 -1 -1 ][390 -1 -1 ][390 -1 -1 ][390 -1 -1 ][390 -1 -1 ][390 -1 -1 ][390 -1 -1 ][390 -1 -1 ][385 -1 -1 ][385 -1 -1 ][106 -1 -1 ][106 -1 -1 ][109 -1 -1 ][106 -1 -1 ][106 -1 -1 ][106 -1 -1 ][106 -1 -1 ][106 -1 -1 ]
[106 -1 -1 ][107 -1 -1 ][106 -1 -1 ][385 -1 -1 ][385 -1 -1 ][390 -1 -1 ][390 -1 -1 ][390 -1 -1 ][390 -1 -1 ][390 -1 -1 ][390 -1 -1 ][390 -1 -1 ][390 -1 -1 ][390 -1 -1 ][390 -1 -1 ][390 -1 -1 ][390 -1 -1 ][390 -1 -1 ][390 -1 -1 ][390 -1 -1 ][390 -1 -1 ][390 -1 -1 ][390 -1 -1 ][390 -1 -1 ][390 -1 -1 ][390 -1 -1 ][390 -1 -1 ][390 -1 -1 ][390 -1 -1 ][390 -1 -1 ][385 -1 -1 ][385 -1 -1 ][106 -1 -1 ][106 -1 -1 ][106 -1 -1 ][106 -1 -1 ][106 -1 -1 ][109 -1 -1 ][106 -1 -1 ]
[106 -1 -1 ][106 -1 -1 ][106 -1 -1 ][385 -1 -1 ][385 -1 -1 ][390 -1 -1 ][390 -1 -1 ][390 -1 -1 ][390 -1 -1 ][390 -1 -1 ][390 -1 -1 ][390 -1 -1 ][390 -1 -1 ][390 -1 -1 ][390 -1 -1 ][390 -1 -1 ][390 -1 -1 ][390 -1 -1 ][390 -1 -1 ][390 -1 -1 ][390 -1 -1 ][390 -1 -1 ][390 -1 -1 ][390 -1 -1 ][390 -1 -1 ][390 -1 -1 ][390 -1 -1 ][390 -1 -1 ][390 -1 -1 ][390 -1 -1 ][385 -1 -1 ][385 -1 -1 ][385 -1 -1 ][385 -1 -1 ][106 -1 -1 ][106 -1 -1 ][106 -1 -1 ][106 -1 -1 ][106 -1 -1 ]
[106 442 -1 ][109 -1 -1 ][106 -1 -1 ][106 -1 -1 ][385 -1 -1 ][385 -1 -1 ][390 -1 -1 ][390 -1 -1 ][390 -1 -1 ][390 -1 -1 ][390 -1 -1 ][390 -1 -1 ][390 -1 -1 ][390 -1 -1 ][390 -1 -1 ][390 -1 -1 ][390 -1 -1 ][390 -1 -1 ][390 -1 -1 ][390 -1 -1 ][390 -1 -1 ][390 -1 -1 ][390 -1 -1 ][390 -1 -1 ][390 -1 -1 ][390 -1 -1 ][390 -1 -1 ][390 -1 -1 ][390 -1 -1 ][390 -1 -1 ][390 -1 -1 ][385 -1 -1 ][385 -1 -1 ][385 -1 -1 ][385 -1 -1 ][106 -1 -1 ][107 -1 -1 ][106 -1 -1 ][106 -1 -1 ]
[106 -1 -1 ][106 -1 -1 ][106 -1 -1 ][106 -1 -1 ][106 -1 -1 ][385 -1 -1 ][390 -1 -1 ][390 -1 -1 ][390 -1 -1 ][390 -1 -1 ][390 -1 -1 ][390 -1 -1 ][390 -1 -1 ][390 -1 -1 ][390 -1 -1 ][390 -1 -1 ][390 -1 -1 ][390 -1 -1 ][390 -1 -1 ][390 -1 -1 ][390 -1 -1 ][390 -1 -1 ][390 -1 -1 ][390 -1 -1 ][390 -1 -1 ][390 -1 -1 ][390 -1 -1 ][390 -1 -1 ][390 -1 -1 ][390 -1 -1 ][390 -1 -1 ][385 -1 -1 ][385 -1 -1 ][385 -1 -1 ][106 -1 -1 ][106 -1 -1 ][106 -1 -1 ][106 -1 -1 ][106 -1 -1 ]
[106 -1 -1 ][106 -1 -1 ][106 -1 -1 ][106 -1 -1 ][106 340 -1 ][385 341 -1 ][385 341 -1 ][390 341 -1 ][390 341 -1 ][390 341 -1 ][390 341 -1 ][390 341 -1 ][390 341 -1 ][390 341 -1 ][390 341 -1 ][390 341 -1 ][390 341 -1 ][390 341 -1 ][390 341 -1 ][390 341 -1 ][381 341 -1 ][390 341 -1 ][390 341 -1 ][390 341 -1 ][390 341 -1 ][390 341 -1 ][390 341 -1 ][390 341 -1 ][390 341 -1 ][390 341 -1 ][390 341 -1 ][390 341 -1 ][385 341 -1 ][385 341 -1 ][106 341 -1 ][106 342 -1 ][106 -1 -1 ][106 -1 -1 ][106 -1 -1 ]
[106 -1 -1 ][106 -1 -1 ][106 -1 -1 ][106 -1 -1 ][106 343 -1 ][385 344 -1 ][385 344 -1 ][390 344 -1 ][390 344 -1 ][390 344 -1 ][390 344 -1 ][390 344 -1 ][390 344 -1 ][390 344 -1 ][390 344 -1 ][390 344 -1 ][390 344 -1 ][390 344 -1 ][390 344 -1 ][390 344 -1 ][390 344 -1 ][390 344 -1 ][390 344 -1 ][390 344 -1 ][390 344 -1 ][390 344 -1 ][390 344 -1 ][390 344 -1 ][390 344 -1 ][390 344 -1 ][390 344 -1 ][390 344 -1 ][385 344 -1 ][385 344 -1 ][106 344 -1 ][106 345 -1 ][106 -1 -1 ][106 -1 -1 ][106 442 -1 ]
[106 -1 -1 ][106 -1 -1 ][107 -1 -1 ][106 -1 -1 ][106 343 -1 ][385 344 -1 ][385 344 -1 ][390 344 -1 ][390 344 -1 ][390 344 -1 ][390 344 -1 ][390 344 -1 ][390 344 -1 ][390 344 -1 ][390 344 -1 ][390 344 -1 ][390 344 -1 ][390 344 -1 ][390 344 -1 ][390 344 -1 ][390 344 -1 ][390 344 -1 ][390 344 -1 ][390 344 -1 ][381 344 -1 ][390 344 -1 ][390 344 -1 ][390 344 -1 ][390 344 -1 ][390 344 -1 ][390 344 -1 ][390 344 -1 ][385 344 -1 ][385 344 -1 ][385 344 -1 ][106 345 -1 ][110 -1 -1 ][106 -1 -1 ][106 -1 -1 ]
[106 -1 -1 ][106 -1 -1 ][106 -1 -1 ][106 -1 -1 ][105 343 -1 ][385 344 -1 ][385 344 -1 ][390 344 -1 ][390 344 -1 ][390 344 -1 ][390 344 -1 ][386 344 -1 ][386 344 -1 ][386 344 -1 ][386 344 -1 ][390 344 -1 ][390 344 -1 ][390 344 -1 ][390 344 -1 ][390 344 -1 ][390 344 -1 ][390 344 -1 ][390 344 -1 ][390 344 -1 ][390 344 -1 ][390 344 -1 ][390 344 -1 ][390 344 -1 ][390 344 -1 ][390 344 -1 ][390 344 -1 ][390 344 -1 ][390 344 -1 ][385 344 -1 ][385 344 -1 ][106 345 -1 ][106 -1 -1 ][107 -1 -1 ][106 -1 -1 ]
[110 -1 -1 ][106 -1 -1 ][106 -1 -1 ][106 -1 -1 ][106 357 -1 ][385 358 -1 ][385 358 -1 ][385 358 -1 ][390 358 -1 ][390 358 -1 ][390 358 -1 ][390 358 -1 ][390 358 -1 ][390 358 -1 ][390 358 -1 ][390 358 -1 ][390 358 -1 ][390 358 -1 ][390 358 -1 ][390 358 -1 ][390 358 -1 ][390 358 -1 ][390 358 -1 ][390 358 -1 ][390 358 -1 ][390 358 -1 ][390 358 -1 ][390 358 -1 ][390 358 -1 ][390 358 -1 ][390 358 -1 ][390 358 -1 ][390 358 -1 ][390 358 -1 ][385 358 -1 ][109 359 -1 ][106 -1 -1 ][106 -1 -1 ][106 442 -1 ]
[106 -1 -1 ][106 -1 -1 ][106 -1 -1 ][106 -1 -1 ][106 -1 -1 ][106 -1 -1 ][385 -1 -1 ][385 -1 -1 ][390 -1 -1 ][390 -1 -1 ][390 -1 -1 ][390 -1 -1 ][390 -1 -1 ][390 -1 -1 ][390 -1 -1 ][390 -1 -1 ][390 -1 -1 ][390 -1 -1 ][390 -1 -1 ][390 -1 -1 ][390 -1 -1 ][390 -1 -1 ][390 -1 -1 ][390 -1 -1 ][390 -1 -1 ][390 -1 -1 ][390 -1 -1 ][390 -1 -1 ][390 -1 -1 ][390 -1 -1 ][390 -1 -1 ][390 -1 -1 ][390 -1 -1 ][390 -1 -1 ][385 -1 -1 ][385 -1 -1 ][385 -1 -1 ][106 -1 -1 ][106 -1 -1 ]
[106 442 -1 ][106 -1 -1 ][106 -1 -1 ][106 -1 -1 ][106 -1 -1 ][106 -1 -1 ][106 -1 -1 ][385 -1 -1 ][385 -1 -1 ][390 -1 -1 ][390 -1 -1 ][390 -1 -1 ][390 -1 -1 ][390 -1 -1 ][390 -1 -1 ][390 -1 -1 ][390 -1 -1 ][390 -1 -1 ][390 -1 -1 ][390 -1 -1 ][390 -1 -1 ][390 -1 -1 ][390 -1 -1 ][390 -1 -1 ][390 -1 -1 ][390 -1 -1 ][390 -1 -1 ][390 -1 -1 ][390 -1 -1 ][390 -1 -1 ][390 -1 -1 ][390 -1 -1 ][390 -1 -1 ][390 -1 -1 ][390 -1 -1 ][385 -1 -1 ][385 -1 -1 ][385 -1 -1 ][106 -1 -1 ]
[106 -1 -1 ][106 -1 -1 ][107 -1 -1 ][106 -1 -1 ][106 -1 -1 ][106 -1 -1 ][106 -1 -1 ][385 -1 -1 ][385 -1 -1 ][390 -1 -1 ][390 -1 -1 ][390 -1 -1 ][390 -1 -1 ][390 -1 -1 ][390 -1 -1 ][390 -1 -1 ][390 -1 -1 ][390 -1 -1 ][390 -1 -1 ][390 -1 -1 ][390 -1 -1 ][390 -1 -1 ][390 -1 -1 ][390 -1 -1 ][390 -1 -1 ][390 -1 -1 ][390 -1 -1 ][390 -1 -1 ][390 -1 -1 ][390 -1 -1 ][390 -1 -1 ][390 -1 -1 ][390 -1 -1 ][390 -1 -1 ][390 -1 -1 ][390 -1 -1 ][385 -1 -1 ][385 -1 -1 ][385 -1 -1 ]
[106 -1 -1 ][106 -1 -1 ][106 -1 -1 ][106 -1 -1 ][106 442 -1 ][106 -1 -1 ][106 -1 -1 ][385 -1 -1 ][385 -1 -1 ][385 -1 -1 ][390 -1 -1 ][390 -1 -1 ][390 -1 -1 ][390 -1 -1 ][390 -1 -1 ][390 -1 -1 ][390 -1 -1 ][390 -1 -1 ][390 -1 -1 ][390 -1 -1 ][390 -1 -1 ][390 -1 -1 ][390 -1 -1 ][390 -1 -1 ][390 -1 -1 ][390 -1 -1 ][390 -1 -1 ][390 -1 -1 ][390 -1 -1 ][390 -1 -1 ][390 -1 -1 ][390 -1 -1 ][390 -1 -1 ][390 -1 -1 ][390 -1 -1 ][390 -1 -1 ][390 -1 -1 ][390 -1 -1 ][385 -1 -1 ]
[106 -1 -1 ][106 -1 -1 ][106 442 -1 ][106 -1 -1 ][106 -1 -1 ][106 -1 -1 ][106 -1 -1 ][106 -1 -1 ][385 -1 -1 ][385 -1 -1 ][385 -1 -1 ][390 -1 -1 ][390 -1 -1 ][390 -1 -1 ][390 -1 -1 ][390 -1 -1 ][390 -1 -1 ][390 -1 -1 ][390 -1 -1 ][390 -1 -1 ][390 -1 -1 ][390 -1 -1 ][390 -1 -1 ][390 -1 -1 ][390 -1 -1 ][390 -1 -1 ][390 -1 -1 ][390 -1 -1 ][390 -1 -1 ][390 -1 -1 ][390 -1 -1 ][390 -1 -1 ][390 -1 -1 ][390 -1 -1 ][390 -1 -1 ][390 -1 -1 ][390 -1 -1 ][390 -1 -1 ][390 -1 -1 ]
[107 -1 -1 ][106 -1 -1 ][106 -1 -1 ][106 -1 -1 ][106 -1 -1 ][107 -1 -1 ][106 -1 -1 ][106 -1 -1 ][106 -1 -1 ][385 -1 -1 ][385 -1 -1 ][385 -1 -1 ][390 -1 -1 ][390 -1 -1 ][390 -1 -1 ][390 -1 -1 ][390 -1 -1 ][390 -1 -1 ][390 -1 -1 ][390 -1 -1 ][390 -1 -1 ][390 -1 -1 ][390 -1 -1 ][390 -1 -1 ][390 -1 -1 ][390 -1 -1 ][390 -1 -1 ][390 -1 -1 ][390 -1 -1 ][390 -1 -1 ][390 -1 -1 ][390 -1 -1 ][390 -1 -1 ][390 -1 -1 ][390 -1 -1 ][390 -1 -1 ][390 -1 -1 ][390 -1 -1 ][390 -1 -1 ]
[106 -1 -1 ][106 -1 -1 ][106 -1 -1 ][106 -1 -1 ][106 -1 -1 ][106 -1 -1 ][110 -1 -1 ][106 -1 -1 ][106 -1 -1 ][106 -1 -1 ][385 -1 -1 ][385 -1 -1 ][390 -1 -1 ][390 -1 -1 ][390 -1 -1 ][390 -1 -1 ][390 -1 -1 ][390 -1 -1 ][390 -1 -1 ][390 -1 -1 ][390 -1 -1 ][390 -1 -1 ][390 -1 -1 ][390 -1 -1 ][390 -1 -1 ][390 -1 -1 ][390 -1 -1 ][390 -1 -1 ][390 -1 -1 ][390 -1 -1 ][390 -1 -1 ][390 -1 -1 ][390 -1 -1 ][390 -1 -1 ][390 -1 -1 ][390 -1 -1 ][390 -1 -1 ][390 -1 -1 ][390 -1 -1 ]
