0 0 0 0 0 0 0 0 0 0 0 0 0 0 0 0 0 0 0 0 0 0 0 0 0 1036 1036 1036 1036 1036 0 1036 1036 0 0 0 0 0 0 0 0 0 0 0 0 0 0 0 0 0 
0 0 0 0 0 0 0 0 0 0 0 0 0 0 0 0 0 0 0 0 1036 1036 1036 1036 0 0 0 0 0 0 0 0 1036 1036 1036 1036 0 0 0 0 0 0 0 0 0 0 0 0 0 0 
0 0 0 0 0 0 0 0 0 0 0 0 0 0 0 0 1036 1036 1036 0 0 0 0 0 0 0 0 0 0 0 0 0 0 0 0 0 1036 1036 0 0 0 0 0 0 0 0 0 0 0 0 
0 0 0 0 0 0 0 0 0 0 0 0 0 0 1036 1036 0 0 0 0 0 0 0 0 0 0 0 0 0 0 0 0 0 0 0 0 0 0 1036 1036 1036 0 0 0 0 0 0 0 0 0 
0 0 0 0 0 0 0 0 0 0 0 1036 1036 1036 0 0 0 0 0 0 0 0 0 0 0 0 0 0 0 0 0 0 0 0 0 0 0 0 0 0 1036 1036 1036 0 0 0 0 0 0 0 
0 0 0 0 0 0 0 0 0 0 1036 1036 0 0 0 0 0 0 0 0 0 0 0 0 0 0 0 0 0 0 0 0 0 0 0 0 0 0 0 0 0 0 0 1036 0 0 0 0 0 0 
0 0 0 0 0 0 0 0 0 1036 1036 0 0 0 0 0 0 0 0 0 0 0 0 0 0 0 0 0 0 0 0 0 0 0 0 0 0 0 0 0 0 0 0 1036 0 0 0 0 0 0 
0 0 0 0 0 0 0 0 1036 1036 0 0 0 0 0 0 0 0 0 0 0 0 0 0 0 0 0 0 0 0 0 0 0 0 0 0 0 0 0 0 0 0 0 0 1036 0 0 0 0 0 
0 0 0 0 0 0 0 0 1036 0 0 0 0 0 0 0 0 0 0 0 0 0 0 0 0 0 0 0 0 0 0 0 0 0 0 0 0 0 0 0 0 0 0 0 1036 0 0 0 0 0 
0 0 0 0 0 0 0 1036 0 0 0 0 0 0 0 0 0 0 0 0 0 718 718 718 0 718 718 0 718 0 0 0 0 0 0 0 0 0 0 0 0 0 0 0 1036 0 0 0 0 0 
0 0 0 0 0 0 0 1036 0 0 0 0 0 0 0 0 0 0 718 718 718 0 0 0 0 0 0 0 0 718 718 718 718 0 0 0 0 0 0 0 0 0 0 0 1036 0 0 0 0 0 
0 0 0 0 0 0 0 1036 0 0 0 0 0 0 0 0 0 718 718 0 0 0 0 0 0 0 0 0 0 0 0 0 0 718 718 0 0 0 0 0 0 0 0 0 1036 0 0 0 0 0 
0 0 0 0 0 0 0 1036 0 0 0 0 0 0 0 0 718 0 0 0 0 0 0 0 0 0 0 0 0 0 0 0 0 0 0 718 0 0 0 0 0 0 0 0 1036 0 0 0 0 0 
0 0 0 0 0 0 0 1036 0 0 0 0 0 0 0 0 718 0 0 0 0 0 0 0 0 0 0 0 0 0 0 0 0 0 0 718 718 0 0 0 0 0 0 0 1036 0 0 0 0 0 
0 0 0 0 0 0 0 1036 1036 0 0 0 0 0 0 718 0 0 0 0 0 0 0 0 0 0 0 0 0 0 0 0 0 0 0 0 718 0 0 0 0 0 0 0 0 0 0 0 0 0 
0 0 0 0 0 0 0 0 1036 0 0 0 0 0 0 718 0 0 0 0 0 0 0 0 0 0 0 0 0 0 0 0 0 0 0 0 0 0 0 0 0 0 0 0 1036 0 0 0 0 0 
0 0 0 0 0 0 0 0 1036 0 0 0 0 0 0 718 0 0 0 0 0 0 0 0 0 0 0 0 0 0 0 0 0 0 0 718 0 0 0 0 0 0 0 1036 0 0 0 0 0 0 
0 0 0 0 0 0 0 0 0 1036 0 0 0 0 0 718 0 0 0 0 0 0 0 0 0 0 0 0 0 0 0 0 0 0 718 0 0 0 0 0 0 0 0 1036 0 0 0 0 0 0 
0 0 0 0 0 0 0 0 0 0 1036 1036 0 0 0 718 718 0 0 0 0 0 0 0 0 0 0 0 0 0 0 0 0 718 0 0 0 0 0 0 0 0 0 1036 0 0 0 0 0 0 
0 0 0 0 0 0 0 0 0 0 0 1036 1036 1036 1036 0 718 0 0 0 0 0 0 0 0 0 0 0 0 0 0 0 0 718 0 0 0 0 0 0 0 0 1036 0 0 0 0 0 0 0 
0 0 0 0 0 0 0 0 0 0 0 0 0 0 1036 0 0 718 718 0 0 0 0 0 0 0 0 0 0 0 718 0 718 0 0 0 0 0 0 0 0 0 1036 0 0 0 0 0 0 0 
0 0 0 0 0 0 0 0 0 0 0 0 0 0 0 0 0 0 0 718 718 718 718 718 718 718 718 718 718 718 0 0 0 0 0 0 0 0 0 0 0 1036 0 0 0 0 0 0 0 0 
0 0 0 0 0 0 0 0 0 0 0 0 0 0 0 0 0 0 0 0 0 0 0 0 718 718 718 718 718 0 0 0 0 0 0 0 0 0 0 0 1036 1036 0 0 0 0 0 0 0 0 
0 0 0 0 0 0 0 0 0 0 0 0 0 0 0 0 0 0 0 0 0 0 0 0 0 0 0 0 0 0 0 0 0 0 0 0 0 0 1036 1036 0 0 0 0 0 0 0 0 0 0 
0 0 0 0 0 0 0 0 0 0 0 0 0 0 0 0 0 0 0 0 0 0 0 0 0 0 0 0 0 0 0 0 0 0 0 0 0 0 0 0 0 0 0 0 0 0 0 0 0 0 
0 0 0 0 0 0 0 0 0 0 0 0 0 0 0 0 0 0 0 0 0 0 0 0 0 0 0 0 0 0 0 0 0 0 0 0 0 0 0 0 0 0 0 0 0 0 0 0 0 0 
0 0 0 0 0 0 0 0 0 0 0 0 0 0 0 0 0 0 0 0 0 0 0 0 0 0 0 0 0 0 0 0 0 0 0 0 0 0 0 0 0 0 0 0 0 0 0 0 0 0 
0 0 0 0 0 0 0 0 0 0 0 0 0 0 0 0 0 0 0 0 0 0 0 0 0 0 0 0 0 0 0 0 0 0 0 0 0 0 0 0 0 0 0 0 0 0 0 0 0 0 
